2014-11-26 00:00:00	377	378.11	370.22	371.99	3152.91	1175361.97	372.79
2014-11-26 01:00:00	372.12	374	370.42	372.35	794.36	296050.24	372.69
2014-11-26 02:00:00	372.37	373.77	370	372.5	1027.1	381579.5	371.51
2014-11-26 03:00:00	372.46	379.2	370.61	376.56	1271.13	478625.5	376.54
2014-11-26 04:00:00	376.13	377.5	374.38	375.2	277.73	104385.4	375.85
2014-11-26 05:00:00	375.2	377.69	375.2	376.9	323.55	121994.55	377.05
2014-11-26 06:00:00	376.89	379.26	376.88	378.49	529.83	200348.19	378.14
2014-11-26 07:00:00	378.49	379	371.17	372.05	1124.5	420276.67	373.75
2014-11-26 08:00:00	372.05	372.06	365.22	368.4	2686.68	989042.66	368.13
2014-11-26 09:00:00	368.49	371.46	368.49	370.38	578.46	213750.44	369.52
2014-11-26 10:00:00	370.44	372.5	369.29	371.81	314.59	116785.13	371.22
2014-11-26 11:00:00	372.09	372.91	367.41	372.71	627.25	232413.97	370.53
2014-11-26 12:00:00	372.5	374.75	371.5	372.53	1565.52	583881.21	372.96
2014-11-26 13:00:00	372.5	372.61	370.05	370.56	344.17	127817.5	371.38
2014-11-26 14:00:00	371.12	373	370.4	372.45	484.65	180426.23	372.28
2014-11-26 15:00:00	372.45	376.34	371.76	375	904.63	338099.01	373.74
2014-11-26 16:00:00	375.3	376.36	370.01	370.43	881.27	329531.25	373.93
2014-11-26 17:00:00	370.43	372.76	369.89	370	697.33	258563.45	370.79
2014-11-26 18:00:00	370.13	371.99	365.7	368.5	1101.44	405832.17	368.46
2014-11-26 19:00:00	368.78	369.47	367.37	367.94	399.49	146996.05	367.96
2014-11-26 20:00:00	367.62	370.02	367.6	368.5	383.82	141567.99	368.84
2014-11-26 21:00:00	368.69	369	367	367.47	216.1	79448.75	367.65
2014-11-26 22:00:00	367.49	369.88	367	367.06	317.39	116841.15	368.13
2014-11-26 23:00:00	367.06	370	366.21	369.99	999.19	367017.08	367.32
2014-11-27 00:00:00	370	373.42	369.99	372.21	659.81	244973.07	371.28
2014-11-27 01:00:00	372.08	372.93	368.15	369.58	222.29	82505.83	371.17
2014-11-27 02:00:00	369.34	372.46	369.05	371.7	289.81	107560.1	371.14
2014-11-27 03:00:00	371.72	375	371.5	374.87	764.97	285779.05	373.58
2014-11-27 04:00:00	374.97	375	372.57	372.62	280.72	105036.31	374.17
2014-11-27 05:00:00	372.63	373.01	370	372.3	692	256799.39	371.1
2014-11-27 06:00:00	372.6	373.63	371.23	372.38	207.16	77072.48	372.04
2014-11-27 07:00:00	372.38	373.08	369.56	369.94	493.02	183193.59	371.57
2014-11-27 08:00:00	369.86	372.49	369.74	372.49	100.17	37176.92	371.14
2014-11-27 09:00:00	372.46	373.97	372.12	373.34	257.52	96043.93	372.95
2014-11-27 10:00:00	373.31	374	371.53	373.5	100.35	37433.38	373.01
2014-11-27 11:00:00	373.65	373.99	371.7	373.49	244.97	91287.41	372.65
2014-11-27 12:00:00	373.29	373.5	368.17	369.5	440.21	162859.3	369.96
2014-11-27 13:00:00	369.61	373.09	369.47	371.44	274.95	102137.47	371.48
2014-11-27 14:00:00	371.4	372.52	370.44	370.99	150.76	55955.64	371.16
2014-11-27 15:00:00	370.99	372	368.15	370.08	596.46	220742.52	370.09
2014-11-27 16:00:00	370.04	371	369.12	370.17	171.69	63560.95	370.2
2014-11-27 17:00:00	370	372	369.53	371.14	102.96	38171.52	370.72
2014-11-27 18:00:00	371.12	371.61	369.5	370.64	136.2	50483.05	370.64
2014-11-27 19:00:00	370.79	371.95	370.27	370.99	221.78	82318.44	371.18
2014-11-27 20:00:00	370.95	371.57	369.5	369.5	128.18	47441.79	370.13
2014-11-27 21:00:00	369.5	369.6	368.7	369.55	120.68	44557.81	369.23
2014-11-27 22:00:00	369.24	370.17	369.02	369.35	146.66	54258.77	369.96
2014-11-27 23:00:00	369.02	370	368.65	370	246.21	90930.05	369.31
2014-11-28 00:00:00	369.99	371	369.53	370.7	155.39	57562.73	370.43
2014-11-28 01:00:00	370.7	370.99	370.09	370.22	78.71	29150.97	370.34
2014-11-28 02:00:00	370.21	371.14	369.4	369.61	104.13	38529.69	370
2014-11-28 03:00:00	369.7	370.2	369.4	369.47	37.01	13680.03	369.59
2014-11-28 04:00:00	369.47	369.87	367.02	368	218.08	80341.52	368.41
2014-11-28 05:00:00	367.84	368.46	362.5	363.5	1953.99	711932.9	364.35
2014-11-28 06:00:00	363.49	364.89	363.49	364.38	356.42	129744.92	364.02
2014-11-28 07:00:00	364.32	365	362.77	364	482.24	175438.04	363.8
2014-11-28 08:00:00	364	365	361.5	361.78	798.36	289327.8	362.4
2014-11-28 09:00:00	361.75	364	361	361.51	417.22	151077.79	362.1
2014-11-28 10:00:00	361.53	361.53	360.2	360.25	319.5	115218.47	360.63
2014-11-28 11:00:00	360.2	367.5	355.51	364.8	3302.28	1189559.53	360.22
2014-11-28 12:00:00	364.8	365.49	359.98	362.99	1076.93	389948.67	362.09
2014-11-28 13:00:00	362.95	363.96	359.05	360	954.45	344827.64	361.28
2014-11-28 14:00:00	360	374	359.69	367.7	6018.71	2188312.06	363.58
2014-11-28 15:00:00	367.82	377.99	366.01	372.57	2931.21	1095480.13	373.73
2014-11-28 16:00:00	372.89	380	372.59	378.68	2563.19	965176.7	376.55
2014-11-28 17:00:00	378.36	380.69	376.7	379.46	1494.99	566223.69	378.75
2014-11-28 18:00:00	379.46	379.79	375.79	376.95	995.13	375919.82	377.76
2014-11-28 19:00:00	376.91	379	376	378.71	498.06	188261.47	377.99
2014-11-28 20:00:00	377.78	387.5	377.23	382	2956.73	1132351.75	382.97
2014-11-28 21:00:00	381.18	384.93	380.54	382.6	674.12	257379.95	381.8
2014-11-28 22:00:00	382.6	385.2	380.83	381.91	1220.2	467865.54	383.43
2014-11-28 23:00:00	381.51	381.88	376.74	377.43	923.24	349894.98	378.98
2014-11-29 00:00:00	377.79	380.79	376.4	377	722.3	272885.83	377.8
2014-11-29 01:00:00	376.72	377.4	374.24	375.03	984.2	369740.7	375.68
2014-11-29 02:00:00	374.94	380	374.91	378.36	622.14	235185.08	378.03
2014-11-29 03:00:00	378.24	378.35	376	378.34	245.7	92596.93	376.86
2014-11-29 04:00:00	378.33	383.82	376.96	380.75	868.89	331125.67	381.09
2014-11-29 05:00:00	380.7	381.49	378.01	380	315.7	119969.4	380.01
2014-11-29 06:00:00	380	381.4	379.64	381.1	616.32	234378.39	380.28
2014-11-29 07:00:00	381.1	381.2	379.53	379.75	197.18	75087.96	380.81
2014-11-29 08:00:00	380.32	384.72	379.71	379.91	660.87	252708.31	382.39
2014-11-29 09:00:00	379.91	380.68	376	379.43	405.78	153679.61	378.72
2014-11-29 10:00:00	379.43	380.6	376.42	380	164.39	62265.79	378.77
2014-11-29 11:00:00	379.58	390	379.43	389.03	2669.46	1028086.05	385.13
2014-11-29 12:00:00	389.86	390	384.2	386.41	1659.68	642866.83	387.34
2014-11-29 13:00:00	386.49	386.86	379.1	383	2748.25	1050623	382.29
2014-11-29 14:00:00	382.52	385.49	380.3	382.3	786.91	301125.98	382.67
2014-11-29 15:00:00	382.43	382.51	380.52	382	728.76	278199.11	381.74
2014-11-29 16:00:00	382	384.5	381.99	382.45	808.4	310000.51	383.47
2014-11-29 17:00:00	382.45	382.62	375.01	377.02	1737.54	655378.59	377.19
2014-11-29 18:00:00	377.02	383.91	375.33	376.4	985.81	372794.34	378.16
2014-11-29 19:00:00	376.39	378.45	376.15	377.01	258.29	97358.28	376.94
2014-11-29 20:00:00	377.01	377.01	371	375.52	1575.66	588296.51	373.36
2014-11-29 21:00:00	375.53	376.34	374.34	374.97	192.31	72158.58	375.22
2014-11-29 22:00:00	375.38	377.3	375.13	377.3	197.54	74254.93	375.89
2014-11-29 23:00:00	377.3	378	375.47	376.28	260.42	98222.43	377.17
2014-11-30 00:00:00	376.07	376.09	373.7	375.78	367.03	137607.01	374.92
2014-11-30 01:00:00	375.61	381.49	375.61	380.01	2335.56	886511.24	379.57
2014-11-30 02:00:00	380	380.01	377	379.68	954	361715.07	379.16
2014-11-30 03:00:00	379.68	381.07	378.49	379.65	573.17	217910.39	380.19
2014-11-30 04:00:00	379.65	380	377.51	380	423.35	160325.01	378.7
2014-11-30 05:00:00	380	380.71	379.27	380.16	273.23	103863.36	380.13
2014-11-30 06:00:00	380.1	381.86	380	381.77	501.99	191168.84	380.82
2014-11-30 07:00:00	381.83	382	378	378.25	760.52	288760.11	379.69
2014-11-30 08:00:00	378.25	379.98	377.1	379.17	479.86	181450.09	378.13
2014-11-30 09:00:00	379.17	385.55	378.79	383.09	1371.92	524604.17	382.39
2014-11-30 10:00:00	383.13	385.59	380.14	381.4	970.9	371608.19	382.75
2014-11-30 11:00:00	381.4	382.97	378	381.7	407.09	154941.24	380.61
2014-11-30 12:00:00	381.87	382.92	378.51	379.52	325.92	124076.13	380.69
2014-11-30 13:00:00	379.49	381.17	378	380.86	290.92	110384.16	379.43
2014-11-30 14:00:00	380.86	381.89	376	379.46	880.99	333322.7	378.35
2014-11-30 15:00:00	379.3	379.85	376.52	377.7	382.78	144698.46	378.02
2014-11-30 16:00:00	377.7	379.12	375.6	378.34	442.66	166871.84	376.98
2014-11-30 17:00:00	378.34	379.81	377.21	379	381.27	144318.53	378.53
2014-11-30 18:00:00	379	379.69	377.5	378.4	799.92	302738.1	378.46
2014-11-30 19:00:00	378.4	378.5	377.73	378.4	163.82	61969.42	378.28
2014-11-30 20:00:00	378.4	379.59	378.12	379.19	208.93	79160.77	378.89
2014-11-30 21:00:00	378.92	380.82	378.69	380.66	355.65	135064.12	379.77
2014-11-30 22:00:00	380.66	380.9	378.6	379.04	186.93	70924.92	379.43
2014-11-30 23:00:00	379	381.5	378.1	379.89	472.97	179847.35	380.25
2014-12-01 00:00:00	379.67	380.99	379.51	379.57	93.08	35402.92	380.35
2014-12-01 01:00:00	379.58	380.23	378.1	378.27	345.36	130900.96	379.03
2014-12-01 02:00:00	378.41	380.59	378.1	380.37	282.13	107118.44	379.68
2014-12-01 03:00:00	380.22	380.6	377.3	378.37	881.85	334513.92	379.33
2014-12-01 04:00:00	378.48	379.78	378.48	379.42	97.91	37152.24	379.44
2014-12-01 05:00:00	379.4	383.92	379.35	382.74	1356.85	518579.92	382.19
2014-12-01 06:00:00	382.94	386.5	382	384.07	1478.93	568561.27	384.44
2014-12-01 07:00:00	384.07	385.15	382.44	384.96	489.57	187862.56	383.73
2014-12-01 08:00:00	384.96	385.19	380	381.61	855.19	326389.56	381.66
2014-12-01 09:00:00	381.56	382.49	380.87	382.1	339.87	129775.46	381.84
2014-12-01 10:00:00	382.1	384	381.95	382.39	291.01	111457.93	383
2014-12-01 11:00:00	382.38	383.05	381.31	381.34	226.77	86625.79	382
2014-12-01 12:00:00	381.34	382.32	379.5	381.43	617.33	235069.91	380.78
2014-12-01 13:00:00	381.63	383.71	380.01	380.88	258.84	98932.97	382.22
2014-12-01 14:00:00	380.89	382.2	380.6	381.9	196.68	74981.41	381.24
2014-12-01 15:00:00	381.94	382.93	381.34	381.8	194.44	74269.68	381.97
2014-12-01 16:00:00	381.8	383.7	381.7	382.89	287.63	110111.86	382.83
2014-12-01 17:00:00	383.3	383.4	382.01	382.51	271.36	103832.19	382.64
2014-12-01 18:00:00	383.34	383.39	378.61	379.14	1611.9	613095.21	380.36
2014-12-01 19:00:00	380.14	381.92	379.25	380.1	270.39	102837.53	380.34
2014-12-01 20:00:00	380.02	381	379.6	380.94	181.85	69153.39	380.27
2014-12-01 21:00:00	381	382.89	380.14	382.14	561.57	214254.15	381.53
2014-12-01 22:00:00	381.98	383.39	380.28	382.11	448.99	171505.41	381.98
2014-12-01 23:00:00	382.03	383	382	382	307.91	117761.45	382.45
2014-12-02 00:00:00	382	382.02	381.4	381.9	132.69	50629.4	381.56
2014-12-02 01:00:00	381.87	383.7	381.46	382.5	585.55	223986.74	382.52
2014-12-02 02:00:00	381.86	383.37	381.01	381.51	343.03	131068	382.09
2014-12-02 03:00:00	381.5	381.51	379.08	380.65	389.4	148054.87	380.22
2014-12-02 04:00:00	380.49	383	379.83	381.91	252.14	96264.94	381.79
2014-12-02 05:00:00	381.46	382.99	381.12	382.48	94.59	36141.97	382.09
2014-12-02 06:00:00	382.47	382.94	381.6	382	206.49	78947.49	382.32
2014-12-02 07:00:00	382	382.6	382	382.18	177.77	67949.63	382.24
2014-12-02 08:00:00	382.2	383.9	382	383.14	428.05	164114.57	383.4
2014-12-02 09:00:00	382.87	387.99	382.73	385.9	1020.85	392906.37	384.88
2014-12-02 10:00:00	386	386.31	383.6	384.3	578.17	222509.94	384.85
2014-12-02 11:00:00	384.16	384.8	382.16	383.16	290.05	111240.62	383.53
2014-12-02 12:00:00	383.1	384.12	382.81	384.09	247.54	94960.94	383.62
2014-12-02 13:00:00	384.12	385	384.02	385	157.81	60719.15	384.77
2014-12-02 14:00:00	384.98	384.99	383.9	384.48	131.8	50673.23	384.47
2014-12-02 15:00:00	384.47	385.5	384.04	385.14	1363.66	524791.37	384.84
2014-12-02 16:00:00	385.14	385.5	383.9	385.11	541.54	208378.64	384.79
2014-12-02 17:00:00	385.4	386.85	384.11	384.99	1459.94	562404.33	385.23
2014-12-02 18:00:00	384.58	385.3	384.14	384.14	193.6	74453.04	384.58
2014-12-02 19:00:00	384.14	384.9	383	383.32	738.25	283272.06	383.71
2014-12-02 20:00:00	384.03	384.54	383	383.55	222.74	85427.73	383.54
2014-12-02 21:00:00	383.52	384.44	382.22	382.71	448.62	171787.74	382.92
2014-12-02 22:00:00	382.71	385.23	382.69	385.17	859.83	330390.89	384.25
2014-12-02 23:00:00	385.17	385.99	384.32	384.5	328.69	126544.95	384.99
2014-12-03 00:00:00	384.67	385.99	384	385.1	1012.4	389990.57	385.21
2014-12-03 01:00:00	385.1	385.36	383.42	384.8	213.48	82046.68	384.33
2014-12-03 02:00:00	384.5	384.9	384.5	384.85	96.88	37266.05	384.66
2014-12-03 03:00:00	384.61	385.89	384.61	385.2	187.11	72063.47	385.15
2014-12-03 04:00:00	385.58	386.3	384.65	384.65	345.44	133302.44	385.89
2014-12-03 05:00:00	385.28	386.03	384	385.66	157.78	60770.75	385.17
2014-12-03 06:00:00	385.66	386.03	384.03	384.79	131.58	50648.28	384.92
2014-12-03 07:00:00	384.9	385.3	377.51	377.99	2263.78	862633.47	381.06
2014-12-03 08:00:00	377.7	380.88	375	376.04	2639.55	993852.93	376.52
2014-12-03 09:00:00	376.7	378.15	375.01	377.25	291.75	109784.43	376.3
2014-12-03 10:00:00	377.04	377.5	376.5	377.17	199.62	75287.7	377.16
2014-12-03 11:00:00	377.08	377.48	375.41	376.04	390.07	146771.36	376.27
2014-12-03 12:00:00	376.1	377.35	376.02	376.99	252.08	94878.04	376.39
2014-12-03 13:00:00	377	380.5	376.69	378.53	605.38	228896.47	378.11
2014-12-03 14:00:00	378.43	379.69	377.62	378.91	205.79	77905.93	378.58
2014-12-03 15:00:00	378.91	382.6	378.41	381.19	1275.69	485552.05	380.62
2014-12-03 16:00:00	381	381.27	378.81	378.81	430.03	163510.35	380.23
2014-12-03 17:00:00	378.82	379.59	378.5	378.84	296.29	112230.11	378.78
2014-12-03 18:00:00	378.79	379.69	378.5	379	291.24	110430.04	379.17
2014-12-03 19:00:00	379	381.5	378.8	379.42	613.18	232853.25	379.75
2014-12-03 20:00:00	379.31	379.44	377.71	378.4	383.61	145123.37	378.31
2014-12-03 21:00:00	379.01	379.01	376.7	377.79	254.23	95994.25	377.58
2014-12-03 22:00:00	377.8	378	374.5	376.8	552.4	207972.25	376.49
2014-12-03 23:00:00	376.9	376.9	372.64	376	1234.87	462492.17	374.53
2014-12-04 00:00:00	376.24	377	375.1	376.9	320.56	120631.99	376.32
2014-12-04 01:00:00	376.9	377.71	376.9	377.51	149.13	56259.39	377.24
2014-12-04 02:00:00	377.65	378.47	377.37	377.42	429.01	161988.57	377.59
2014-12-04 03:00:00	377.63	377.9	377.52	377.58	44.46	16796.04	377.76
2014-12-04 04:00:00	377.69	380.33	377.58	378.52	492.81	186892.84	379.24
2014-12-04 05:00:00	379.1	379.7	377.38	378.33	293.57	111161.77	378.66
2014-12-04 06:00:00	378.15	379	378.01	379	37.34	14130.2	378.46
2014-12-04 07:00:00	378.92	379.45	377.37	377.83	120.03	45408.34	378.32
2014-12-04 08:00:00	377.38	378.34	375.94	377.26	407.33	153551.76	376.97
2014-12-04 09:00:00	377.03	377.08	375.72	376.43	243.41	91642.75	376.5
2014-12-04 10:00:00	376.72	377	373.75	375	772.89	289885.85	375.07
2014-12-04 11:00:00	375	375	367.8	367.99	1908.85	709116.26	371.49
2014-12-04 12:00:00	368	372.7	367.8	372.49	1020.19	378286.14	370.8
2014-12-04 13:00:00	372.49	373.23	371.11	372.66	537.02	199914.01	372.26
2014-12-04 14:00:00	372.6	375.07	371.75	372.49	1715.19	641033.2	373.74
2014-12-04 15:00:00	372.1	373.2	369.22	369.61	1170.06	433842.45	370.79
2014-12-04 16:00:00	369.61	372.86	369.54	372	543.05	201534.45	371.11
2014-12-04 17:00:00	371.98	372.99	371.85	372.99	395.29	147223.3	372.44
2014-12-04 18:00:00	372.73	372.99	372.24	372.99	196.04	73090.66	372.84
2014-12-04 19:00:00	372.99	374.29	372.8	373.4	345.32	129018.11	373.62
2014-12-04 20:00:00	373.6	374.65	373.3	373.92	203.17	76019.53	374.16
2014-12-04 21:00:00	373.67	373.7	372.7	373.02	307.12	114581.84	373.09
2014-12-04 22:00:00	372.9	372.9	369.01	370.9	953.34	353885.63	371.21
2014-12-04 23:00:00	370.84	371	368.41	370.99	637.11	235719.62	369.98
2014-12-05 00:00:00	370.74	370.96	367	367	926.52	341257.61	368.32
2014-12-05 01:00:00	367	368.7	366.1	368.65	1024.68	376260.96	367.2
2014-12-05 02:00:00	368.65	370.45	366.5	369.38	610.58	225184.58	368.8
2014-12-05 03:00:00	370.23	371	369	370.78	336.92	124733.32	370.21
2014-12-05 04:00:00	370.99	371.67	369.72	369.87	283.96	105280.57	370.76
2014-12-05 05:00:00	370.77	372.39	367.5	371.55	845.95	312934.11	369.92
2014-12-05 06:00:00	371.56	371.9	367	369.47	682.19	251961.66	369.34
2014-12-05 07:00:00	369.47	370.71	368.32	370.2	502.33	185679.39	369.64
2014-12-05 08:00:00	370.51	375	370.3	374.46	1180.22	440944.77	373.61
2014-12-05 09:00:00	374.46	376.5	373.23	375.83	803.55	301391.06	375.07
2014-12-05 10:00:00	376.3	377	372.4	372.98	961.3	360131.63	374.63
2014-12-05 11:00:00	372.98	374.64	372.32	374.16	346.16	129343.16	373.65
2014-12-05 12:00:00	374.07	374.68	373.82	374.33	290.25	108626.17	374.25
2014-12-05 13:00:00	374.34	374.49	373.11	374	267.83	100147.75	373.92
2014-12-05 14:00:00	374.1	376.48	373.96	375.66	1577.97	592584.1	375.53
2014-12-05 15:00:00	375.66	376.6	374.69	376.32	601.26	226102.27	376.05
2014-12-05 16:00:00	376.19	376.6	374.16	374.2	459.33	172380.84	375.28
2014-12-05 17:00:00	374.2	376	374.16	376	338.53	127132.68	375.54
2014-12-05 18:00:00	376	376.9	375	375.71	193.71	72841.52	376.02
2014-12-05 19:00:00	375.75	379.98	375	379.07	1555.79	586887	377.23
2014-12-05 20:00:00	379.4	382.5	377.27	382.5	2126.81	809162.47	380.46
2014-12-05 21:00:00	380.99	382.51	379.5	379.51	987.72	376450.06	381.13
2014-12-05 22:00:00	379.9	381	377.5	379	590.43	223752.92	378.97
2014-12-05 23:00:00	378.95	379.8	378.02	378.18	286.49	108572.34	378.97
2014-12-06 00:00:00	378.3	378.5	377.7	378.33	251.53	95068.88	377.97
2014-12-06 01:00:00	378.33	378.9	375.47	376.54	934.25	352684.2	377.5
2014-12-06 02:00:00	376.59	381	376	379.73	700.39	265645.46	379.28
2014-12-06 03:00:00	379.73	379.73	375.05	375.15	724.82	273045.68	376.71
2014-12-06 04:00:00	375.05	375.59	372.25	373.54	1809.65	675727.38	373.4
2014-12-06 05:00:00	373.78	374	370.11	371.59	797.49	296433.41	371.71
2014-12-06 06:00:00	371.6	374.62	371.55	373.23	423.04	158128.66	373.79
2014-12-06 07:00:00	373.49	375.87	373.25	374.51	316.2	118440.46	374.57
2014-12-06 08:00:00	374.51	375.6	374.01	374.12	132.89	49774.22	374.55
2014-12-06 09:00:00	374.47	377	374.38	376.35	314.08	118152.96	376.19
2014-12-06 10:00:00	376.78	377	375.14	376.89	128.7	48409.72	376.14
2014-12-06 11:00:00	376.87	376.87	375.23	375.23	179.04	67373.54	376.3
2014-12-06 12:00:00	376.09	376.8	375.45	376.5	179.95	67722.92	376.34
2014-12-06 13:00:00	376.5	377.96	376.08	376.82	223	84157.03	377.39
2014-12-06 14:00:00	376.96	378	376.35	377.99	199.22	75166.73	377.31
2014-12-06 15:00:00	377.97	381.19	377.14	377.29	697.28	264746.47	379.69
2014-12-06 16:00:00	378.32	378.35	375.27	376.69	155.85	58662.74	376.4
2014-12-06 17:00:00	376.44	378	376.44	377.08	339.35	128221.52	377.84
2014-12-06 18:00:00	377.08	377.52	376.98	377	33.61	12674	377.13
2014-12-06 19:00:00	376.95	378.67	376.66	378.02	333.3	125839.26	377.55
2014-12-06 20:00:00	377.91	377.91	377.16	377.39	37.58	14188.56	377.61
2014-12-06 21:00:00	377.41	377.53	376.8	377.1	82.92	31271.5	377.14
2014-12-06 22:00:00	377.1	377.13	376.07	376.21	74.99	28237.86	376.54
2014-12-06 23:00:00	376.24	376.98	376.19	376.69	25.96	9775.48	376.51
2014-12-07 00:00:00	376.59	378.26	376.1	377.14	157.34	59320.02	377.01
2014-12-07 01:00:00	377.13	379.8	377.02	377.36	522.41	197861.61	378.75
2014-12-07 02:00:00	377.42	377.48	373.01	374.93	619.14	232157.81	374.97
2014-12-07 03:00:00	374.81	376.79	374.7	376.36	185.96	69911.15	375.95
2014-12-07 04:00:00	376.05	377.45	375.92	377.05	159.6	60102.69	376.59
2014-12-07 05:00:00	376.68	377.7	376.61	376.65	171.15	64588.67	377.38
2014-12-07 06:00:00	376.35	379.36	376.35	378.35	478.16	180937.21	378.4
2014-12-07 07:00:00	378.36	378.66	377.35	377.6	201.47	76184	378.14
2014-12-07 08:00:00	377.45	378.04	377.35	377.4	118.1	44570.03	377.4
2014-12-07 09:00:00	377.36	378.42	377.35	378	42.23	15953.82	377.8
2014-12-07 10:00:00	378	378.48	377.37	377.6	36.85	13928.03	377.94
2014-12-07 11:00:00	377.85	379.37	377.5	377.95	98.84	37399.49	378.38
2014-12-07 12:00:00	377.9	379.27	377.9	379	99.7	37760.97	378.74
2014-12-07 13:00:00	378.99	378.99	377.35	377.67	253.39	95707.22	377.71
2014-12-07 14:00:00	377.79	378	377.35	378	222.6	84075.54	377.7
2014-12-07 15:00:00	377.87	378.79	377.75	377.85	77.64	29351.54	378.06
2014-12-07 16:00:00	377.77	377.77	376.52	376.6	218.01	82208.17	377.09
2014-12-07 17:00:00	376.54	377	376.52	376.9	50.39	18986.01	376.76
2014-12-07 18:00:00	376.9	377.58	376.52	377.05	28.58	10772.35	376.87
2014-12-07 19:00:00	376.81	377	376.21	376.86	261.51	98456.93	376.49
2014-12-07 20:00:00	376.49	377	376.19	376.53	197.75	74436.38	376.41
2014-12-07 21:00:00	376.9	376.97	376.21	376.52	257.41	96939.03	376.59
2014-12-07 22:00:00	376.4	377	376.28	376.9	103.02	38823.92	376.84
2014-12-07 23:00:00	376.89	377	376.02	376.02	350.01	131710.49	376.3
2014-12-08 00:00:00	376.29	377.2	376.22	376.95	198.91	74968.31	376.9
2014-12-08 01:00:00	376.93	377.7	376.63	377.29	100.74	38009.72	377.29
2014-12-08 02:00:00	377.35	378.29	377.21	377.8	100.71	38049.25	377.8
2014-12-08 03:00:00	377.99	378.34	375.5	375.82	843.87	318009.58	376.85
2014-12-08 04:00:00	375.83	375.85	374.51	374.71	563.11	211105.52	374.89
2014-12-08 05:00:00	374.99	377.34	374.52	375.61	463.6	174386.38	376.16
2014-12-08 06:00:00	375.54	375.61	373.8	374.08	645.67	241826.91	374.53
2014-12-08 07:00:00	374.07	374.31	371.15	371.4	1972.47	735062.51	372.66
2014-12-08 08:00:00	371.38	372.19	362.25	364.75	4469.04	1639759.03	366.92
2014-12-08 09:00:00	364.73	367.57	363.5	366.84	1369.44	500872.47	365.75
2014-12-08 10:00:00	366.6	367.7	364.5	366.68	433.9	159031.63	366.52
2014-12-08 11:00:00	366.48	366.59	364.69	366.33	304.35	111251.37	365.54
2014-12-08 12:00:00	366.08	366.5	364	364.85	556.26	202792.53	364.56
2014-12-08 13:00:00	364.8	367.9	364.79	367.9	373.97	137064.94	366.52
2014-12-08 14:00:00	367.9	369.9	367.2	368.08	947.27	349158.93	368.6
2014-12-08 15:00:00	368.49	368.8	367.04	367.59	196.72	72410.55	368.1
2014-12-08 16:00:00	367.69	368.6	367.59	367.85	223.23	82129.32	367.91
2014-12-08 17:00:00	367.92	368.6	366.75	368	599.36	220417.65	367.76
2014-12-08 18:00:00	367.95	368.06	366.3	367.46	499.87	183409.33	366.92
2014-12-08 19:00:00	367.14	367.88	365.6	365.9	562.36	205979.34	366.27
2014-12-08 20:00:00	365.88	368.27	365.81	367.59	510.26	187385.83	367.24
2014-12-08 21:00:00	367.69	367.87	367	367.5	113.59	41746.22	367.52
2014-12-08 22:00:00	367.5	367.96	365.1	366	578.81	211973.46	366.23
2014-12-08 23:00:00	365.51	365.9	362.11	362.11	1817.56	660065.38	363.16
2014-12-09 00:00:00	362.1	363.91	360.67	362.8	1025.4	371021.68	361.83
2014-12-09 01:00:00	362.53	363.5	360.55	361.6	743.7	268992.79	361.7
2014-12-09 02:00:00	361.71	362.3	360.01	360.04	690.16	249018.41	360.81
2014-12-09 03:00:00	360.04	360.09	356.1	358.2	2127.74	761560.47	357.92
2014-12-09 04:00:00	358.33	358.86	356.1	356.1	583.3	208622.15	357.66
2014-12-09 05:00:00	356.24	356.45	345	346.97	7624.43	2664416.54	349.46
2014-12-09 06:00:00	347	352	346.96	349.75	1737.13	607728.32	349.85
2014-12-09 07:00:00	349.5	351.7	347.5	349.27	1644.44	574513.54	349.37
2014-12-09 08:00:00	348.51	349.3	345	347.7	1320.1	458473.57	347.3
2014-12-09 09:00:00	347.7	351.86	347.53	350.4	455.43	159433.01	350.07
2014-12-09 10:00:00	350.39	351.4	345.9	348.37	817.01	285120.59	348.98
2014-12-09 11:00:00	348.47	351.03	348.31	349.16	483.84	169383.23	350.08
2014-12-09 12:00:00	350.16	353.89	349.14	353.07	1273.97	448313.65	351.9
2014-12-09 13:00:00	352.86	353.46	349.2	349.63	1366.79	479497.33	350.82
2014-12-09 14:00:00	349.62	350.97	343	344.67	4320.84	1497283.98	346.53
2014-12-09 15:00:00	344.67	348	344.57	347.08	1634.19	565624.47	346.12
2014-12-09 16:00:00	347.79	355.6	347.11	354	3179.68	1120767.19	352.48
2014-12-09 17:00:00	353.5	354.8	350.6	351.25	950.89	335575.62	352.91
2014-12-09 18:00:00	351.25	353.21	350.6	352	525.13	184802.04	351.92
2014-12-09 19:00:00	351.99	353.65	351.5	353.34	560.84	197775.89	352.64
2014-12-09 20:00:00	353.34	354.15	352.13	354.12	569.18	201203.93	353.5
2014-12-09 21:00:00	354.12	354.15	348.48	350.44	1534.8	539974.14	351.82
2014-12-09 22:00:00	350.46	351.91	349.92	351.09	343	120386.81	350.99
2014-12-09 23:00:00	351.08	351.99	350	351.99	307.36	107868.91	350.95
2014-12-10 00:00:00	352	352.5	350.51	350.51	425.04	149504.91	351.74
2014-12-10 01:00:00	350.73	351	348.67	350.88	529.3	185388.13	350.25
2014-12-10 02:00:00	350.88	351.86	350.35	351	292.75	102791.95	351.13
2014-12-10 03:00:00	351.01	351.01	347.23	348.45	593.77	207238.85	349.02
2014-12-10 04:00:00	348.68	350.41	347.22	349.01	227.77	79422.42	348.7
2014-12-10 05:00:00	348.55	351.49	348.51	350.12	358.75	125736.66	350.49
2014-12-10 06:00:00	350.86	351.47	348	349.9	518.25	180648.68	348.58
2014-12-10 07:00:00	349.79	350	346	348.87	786.61	273944.93	348.26
2014-12-10 08:00:00	348.88	350.5	348.81	349.95	355.75	124536.71	350.07
2014-12-10 09:00:00	349.93	350	347	347	91.83	31973.6	348.17
2014-12-10 10:00:00	346.53	348.09	346.22	347.18	281.41	97609.12	346.85
2014-12-10 11:00:00	347.67	350.66	347.44	349.04	503.72	175876.8	349.16
2014-12-10 12:00:00	349.09	350.97	348.75	349.9	451.68	157908.25	349.6
2014-12-10 13:00:00	349.9	351	348.5	350.29	411.73	144009.85	349.77
2014-12-10 14:00:00	350.1	351.38	350.01	350.75	284	99609.46	350.73
2014-12-10 15:00:00	350.77	351.18	350.01	350.59	441.1	154607.93	350.5
2014-12-10 16:00:00	350.5	351.2	350.02	350.98	412.93	144815.05	350.7
2014-12-10 17:00:00	350.97	351.16	347.02	349.94	598.07	208856.56	349.22
2014-12-10 18:00:00	349.8	350.4	346.92	347.5	666.62	232097.39	348.17
2014-12-10 19:00:00	348.11	349.2	346.3	348.14	1273.68	442067.49	347.08
2014-12-10 20:00:00	348.19	348.34	346.23	347.25	328.09	113892	347.14
2014-12-10 21:00:00	347.3	351	347.15	348.3	1520.99	531474.25	349.43
2014-12-10 22:00:00	348.25	348.83	347	347.91	493.83	171663.17	347.62
2014-12-10 23:00:00	347.71	348.77	345	345.08	485.42	168320.91	346.76
2014-12-11 00:00:00	345.12	345.5	343.21	344.74	1637.99	564117.08	344.4
2014-12-11 01:00:00	344.74	345.71	344.02	344.43	486.93	167840.82	344.69
2014-12-11 02:00:00	344.43	344.9	335.7	339.5	4783.56	1624976.63	339.7
2014-12-11 03:00:00	340.46	341.95	337.13	341	1128.12	383473.55	339.92
2014-12-11 04:00:00	341	355.53	340.04	355.53	3597.78	1252825.96	348.22
2014-12-11 05:00:00	355.53	362.99	351.25	360.3	7952.06	2851291.8	358.56
2014-12-11 06:00:00	359.57	360.9	355.72	358.7	976.04	349849.75	358.44
2014-12-11 07:00:00	358.7	360	357.21	360	919.33	330366.79	359.36
2014-12-11 08:00:00	359.98	360.57	358	360	696.37	250580.47	359.84
2014-12-11 09:00:00	359.44	359.93	354.11	355.69	824.25	293560.11	356.15
2014-12-11 10:00:00	355.65	358	353.6	353.81	748.88	266429.06	355.77
2014-12-11 11:00:00	353.9	355.32	353.82	354.18	385.17	136464.56	354.29
2014-12-11 12:00:00	354.49	355.99	352.02	354.72	1063.31	376257.48	353.85
2014-12-11 13:00:00	354.85	355	353.61	355	290.08	102853.13	354.57
2014-12-11 14:00:00	355.11	358.82	355	358.01	845.43	301437.15	356.55
2014-12-11 15:00:00	358.03	358.81	356.01	356.95	467.37	167009.86	357.34
2014-12-11 16:00:00	356.95	358	354.21	355.3	522.51	186280.19	356.51
2014-12-11 17:00:00	354.94	355.3	353.53	354.17	243	86133.51	354.46
2014-12-11 18:00:00	354.17	355.92	354	355	333.95	118541.14	354.96
2014-12-11 19:00:00	354.9	356.99	354.08	355.94	366.95	130628.44	355.99
2014-12-11 20:00:00	355.5	355.89	345.21	349.48	4768.89	1668981.41	349.97
2014-12-11 21:00:00	349.5	349.66	346.5	349.42	1055.63	367243.27	347.89
2014-12-11 22:00:00	349.09	350.87	347.02	348.07	376.03	131228.77	348.98
2014-12-11 23:00:00	347.55	348.95	346.52	348.53	287.23	99958.93	348.02
2014-12-12 00:00:00	348.06	350	348.06	348.99	640.94	223827.86	349.22
2014-12-12 01:00:00	348.99	350.5	348.41	349.98	212.65	74369.25	349.73
2014-12-12 02:00:00	349.99	351.9	349.81	350.3	416.37	146169.01	351.06
2014-12-12 03:00:00	350.16	350.42	346.12	348.53	447.61	155730.32	347.91
2014-12-12 04:00:00	348.79	350.96	348.44	349.23	280.81	98062.35	349.22
2014-12-12 05:00:00	349.38	349.58	348.06	348.6	223.11	77852.7	348.95
2014-12-12 06:00:00	348.87	351.79	346.11	349.6	1017.62	354564.88	348.42
2014-12-12 07:00:00	349.85	351.28	349.85	351.09	258.83	90755.5	350.64
2014-12-12 08:00:00	351	353.5	350.59	351.48	913.02	321463.55	352.09
2014-12-12 09:00:00	351.62	351.8	350	351.06	402.43	141218.6	350.91
2014-12-12 10:00:00	351.2	352.3	350.99	351.74	219.05	77052.39	351.76
2014-12-12 11:00:00	351.99	352.76	351.01	351.05	277.65	97716.1	351.94
2014-12-12 12:00:00	351.06	351.8	349.43	351.8	483.56	169443.95	350.41
2014-12-12 13:00:00	351.35	351.59	350.21	350.74	36.86	12939.28	351.06
2014-12-12 14:00:00	350.98	351	349.37	350.4	448.21	157100.84	350.5
2014-12-12 15:00:00	350.4	352.5	350.3	352.12	1380.67	485806.64	351.86
2014-12-12 16:00:00	352.11	353.63	351.34	353.6	610.15	215207.56	352.71
2014-12-12 17:00:00	353.6	354.9	352.3	354.19	1303.37	461273.13	353.91
2014-12-12 18:00:00	353.93	353.99	351.6	353.24	416.51	146875.28	352.63
2014-12-12 19:00:00	353.25	354.19	353.05	353.09	415.06	146667.76	353.37
2014-12-12 20:00:00	353.12	354.28	352.66	353.75	298.06	105492.94	353.93
2014-12-12 21:00:00	353.72	354.44	352.28	353.24	525.19	185560.67	353.32
2014-12-12 22:00:00	353.27	353.54	352.45	352.79	276.7	97681.98	353.03
2014-12-12 23:00:00	352.71	353	352.29	352.29	242.69	85560.07	352.54
2014-12-13 00:00:00	352.49	352.49	349.67	349.85	515.55	180771.5	350.64
2014-12-13 01:00:00	349.77	351.75	348.1	350.94	713.65	249441.53	349.53
2014-12-13 02:00:00	350.45	351.51	347.9	347.92	645.63	225300.17	348.96
2014-12-13 03:00:00	347.9	347.9	345.42	346.76	1427.49	494449.34	346.38
2014-12-13 04:00:00	346.6	347.9	345.61	347.4	656.24	227472.27	346.63
2014-12-13 05:00:00	347.75	348.29	346.72	347.23	133.91	46504.54	347.29
2014-12-13 06:00:00	347.35	347.35	345.03	346.86	352.65	122065.88	346.14
2014-12-13 07:00:00	346.84	348.58	346.81	348.21	136.75	47538.71	347.63
2014-12-13 08:00:00	348.21	348.38	344.11	345	896.59	309848.05	345.59
2014-12-13 09:00:00	345	346.16	344.43	346.16	705.29	243333.08	345.01
2014-12-13 10:00:00	345.39	346.3	345.38	346.25	64.87	22456.63	346.2
2014-12-13 11:00:00	346.3	346.46	344.75	344.8	288.4	99596.47	345.34
2014-12-13 12:00:00	345.1	347.9	345.1	347.05	186.01	64554.27	347.04
2014-12-13 13:00:00	347.04	347.93	346.88	347.5	132.94	46223.47	347.69
2014-12-13 14:00:00	347.5	349.21	347.5	349	723.55	252103.41	348.43
2014-12-13 15:00:00	348.95	349.2	347.03	347.17	375.17	130560.16	348.01
2014-12-13 16:00:00	347.26	348.69	347.03	348.27	705.11	245150.22	347.68
2014-12-13 17:00:00	348.27	349.17	347	347.53	876.53	305194.76	348.18
2014-12-13 18:00:00	347.1	347.93	346.83	346.83	213.15	73973.37	347.04
2014-12-13 19:00:00	347.33	347.87	345.81	347.41	191.5	66431.52	346.9
2014-12-13 20:00:00	347.4	347.41	346.21	346.89	51.51	17862.54	346.79
2014-12-13 21:00:00	346.86	347	346.24	346.94	55.3	19176.33	346.75
2014-12-13 22:00:00	346.71	347.85	346.66	347.44	51.13	17746.69	347.1
2014-12-13 23:00:00	347.78	347.87	346.5	346.56	51.86	18001.65	347.15
2014-12-14 00:00:00	346.56	346.95	345.04	346.53	243.29	84088.97	345.63
2014-12-14 01:00:00	346.51	346.78	346.51	346.7	31.23	10826.01	346.68
2014-12-14 02:00:00	346.75	347	345.55	347	196.52	68123.63	346.64
2014-12-14 03:00:00	347	347.47	346.5	346.98	88.01	30548.85	347.1
2014-12-14 04:00:00	346.97	346.97	346.12	346.6	67.48	23379.21	346.45
2014-12-14 05:00:00	346.58	348	346.03	348	216.59	75132.09	346.88
2014-12-14 06:00:00	348	348.67	347.19	347.77	192.65	67076.08	348.18
2014-12-14 07:00:00	347.77	348	347.64	347.64	28.92	10063.75	347.99
2014-12-14 08:00:00	347.88	347.88	346.81	346.81	20.42	7092.88	347.42
2014-12-14 09:00:00	346.9	347.68	346.61	346.8	19.49	6763.06	346.93
2014-12-14 10:00:00	346.76	347.88	346.76	347.88	219.01	76180.05	347.84
2014-12-14 11:00:00	347.87	347.88	347.06	347.67	99.72	34686.67	347.82
2014-12-14 12:00:00	347.65	347.67	347.02	347.4	175.6	60971.17	347.21
2014-12-14 13:00:00	347.12	348.46	347.1	347.65	400.34	139241.21	347.81
2014-12-14 14:00:00	347.65	348.55	347.65	348.39	166.54	58021.37	348.4
2014-12-14 15:00:00	348.38	348.6	348	348	196.79	68576.82	348.47
2014-12-14 16:00:00	348.13	348.59	347.57	347.57	209.49	72952.15	348.23
2014-12-14 17:00:00	348	348.6	348	348.28	141.47	49285.03	348.38
2014-12-14 18:00:00	348.3	352	347.8	351.01	1698.13	593939.18	349.76
2014-12-14 19:00:00	351.02	353.58	350.7	352.99	716.43	252155.25	351.96
2014-12-14 20:00:00	352.93	357.5	352.3	353.56	2178.14	773731.39	355.23
2014-12-14 21:00:00	353.67	358	353.46	353.89	1236.61	440187.41	355.96
2014-12-14 22:00:00	353.72	353.72	352.13	353.2	374.39	132108.57	352.87
2014-12-14 23:00:00	353.14	353.75	352.12	353.65	292.37	103266.23	353.21
2014-12-15 00:00:00	353.7	354.6	353.26	354.06	671.27	237700.21	354.11
2014-12-15 01:00:00	353.69	353.69	350	351.55	1031.25	362683.68	351.69
2014-12-15 02:00:00	350.38	351.27	348.95	350.24	1168.37	408755.53	349.85
2014-12-15 03:00:00	350.44	351.4	350.2	350.69	128.07	44932.05	350.83
2014-12-15 04:00:00	350.69	353	350.13	352.81	561.37	197566.5	351.94
2014-12-15 05:00:00	352.27	352.27	351.05	351.1	150.44	52864.15	351.39
2014-12-15 06:00:00	351.39	351.99	351.1	351.89	85.48	30038.82	351.41
2014-12-15 07:00:00	351.59	351.92	350	350.15	198.2	69460.08	350.46
2014-12-15 08:00:00	350.04	350.8	348.51	349.42	629.13	219834.94	349.43
2014-12-15 09:00:00	349.3	349.5	348.02	348.13	492.73	171909.32	348.89
2014-12-15 10:00:00	348.4	348.9	348.4	348.79	105.1	36650.7	348.72
2014-12-15 11:00:00	348.8	349.54	348.79	349.01	280.24	97812.65	349.03
2014-12-15 12:00:00	349	349.11	347.01	347.99	553.69	192581.23	347.81
2014-12-15 13:00:00	347.8	349.2	347.13	349.2	370	128827.24	348.19
2014-12-15 14:00:00	349.04	349.2	348.52	349.13	300.47	104818.61	348.84
2014-12-15 15:00:00	349.15	349.19	347.98	348.82	424.99	148193.81	348.7
2014-12-15 16:00:00	348.76	349.19	348.6	349	386.27	134794.97	348.97
2014-12-15 17:00:00	348.99	349.67	348.59	348.91	239.04	83440.15	349.07
2014-12-15 18:00:00	348.6	349	348.55	348.95	105.51	36793.91	348.74
2014-12-15 19:00:00	348.9	349.05	347.99	348	135.55	47258.65	348.65
2014-12-15 20:00:00	347.99	348.3	346.2	346.88	1061.89	368476.53	347
2014-12-15 21:00:00	346.8	347.74	345.45	347	1117.56	387037.29	346.32
2014-12-15 22:00:00	347.04	347.89	345.5	347.82	428.51	148573.36	346.72
2014-12-15 23:00:00	347.82	348	345.46	346.01	580.41	201136.62	346.54
2014-12-16 00:00:00	346.34	346.93	345.73	345.9	230.49	79831.28	346.35
2014-12-16 01:00:00	345.81	346.49	345.75	346.29	136.58	47274.62	346.12
2014-12-16 02:00:00	346.25	346.26	337.35	340.2	4532.66	1550697.05	342.12
2014-12-16 03:00:00	340.28	340.49	336.11	339.28	2821.59	953143.26	337.8
2014-12-16 04:00:00	339.28	340	336.28	336.64	753.71	255276.62	338.69
2014-12-16 05:00:00	336.62	338.88	336.15	337.82	405.79	136936.03	337.46
2014-12-16 06:00:00	337.85	340	336	337.49	1381.73	467707.66	338.49
2014-12-16 07:00:00	337.46	339.8	337.43	338	740.99	251059.02	338.81
2014-12-16 08:00:00	338	338.03	330	333.33	2769.99	924084.18	333.61
2014-12-16 09:00:00	333.33	337.88	332.8	334.01	1594.72	534806.47	335.36
2014-12-16 10:00:00	334.02	334.7	330	334.46	2284.07	758098.68	331.91
2014-12-16 11:00:00	334.46	336.98	332.45	333.49	1069.2	357306.7	334.18
2014-12-16 12:00:00	333.13	335.99	333.07	334.5	985.31	329602.81	334.52
2014-12-16 13:00:00	334.47	336	334.1	334.34	293.27	98218.63	334.91
2014-12-16 14:00:00	334.8	336.95	333.41	334.6	2015.37	675207.77	335.03
2014-12-16 15:00:00	334.1	336	334	334.49	638.7	214152.55	335.29
2014-12-16 16:00:00	334.48	335	334.23	335	772.53	258680.36	334.85
2014-12-16 17:00:00	335.12	336.49	334.2	334.33	622.41	208764.02	335.41
2014-12-16 18:00:00	334.28	334.36	332.23	333.82	476.73	159068.58	333.66
2014-12-16 19:00:00	333.82	333.82	328	329.18	1739.26	574717.94	330.44
2014-12-16 20:00:00	329.18	331	326.28	329.95	2882.17	947428.94	328.72
2014-12-16 21:00:00	329.96	330	327.79	329.3	519.2	170916.62	329.19
2014-12-16 22:00:00	329.1	330	328.05	329.09	401.76	132307.26	329.32
2014-12-16 23:00:00	329.1	329.49	325.1	325.1	1125.7	367911.43	326.83
2014-12-17 00:00:00	325.13	332.8	323.21	331.9	3418.91	1119730.92	327.51
2014-12-17 01:00:00	331.9	335	330.56	331.37	2022.69	673128.15	332.79
2014-12-17 02:00:00	331.45	334	331.45	332.44	849.96	282768.41	332.68
2014-12-17 03:00:00	332.45	333	330.15	330.51	841.5	278918.1	331.45
2014-12-17 04:00:00	330.72	331.95	330.1	331.1	184.5	61098.76	331.16
2014-12-17 05:00:00	331.11	331.8	329.4	329.73	213.54	70599.15	330.61
2014-12-17 06:00:00	329.88	330.32	326.43	327.85	388.15	127441.74	328.33
2014-12-17 07:00:00	327.89	329	327.21	328.45	297.3	97505.02	327.97
2014-12-17 08:00:00	328.43	329.42	320.02	323.63	2621.41	846135.95	322.78
2014-12-17 09:00:00	323.48	324.91	321.58	323.21	1216.23	393215.52	323.31
2014-12-17 10:00:00	323.2	326.15	320.6	320.8	2123.66	688161.81	324.05
2014-12-17 11:00:00	320.85	322.36	316.1	319	5407.33	1727793.97	319.53
2014-12-17 12:00:00	318.99	319.69	316	317.99	2873.62	912193.85	317.44
2014-12-17 13:00:00	317.67	320.38	317.12	319.25	1512.78	483291.76	319.47
2014-12-17 14:00:00	319.25	319.94	317.77	318.45	948.2	302116.84	318.62
2014-12-17 15:00:00	318.5	320.9	317.5	319.81	1648.4	527419.96	319.96
2014-12-17 16:00:00	319.76	320.05	316.25	319.4	1086.69	345529.03	317.97
2014-12-17 17:00:00	319.4	319.85	314.22	315.54	3867.04	1222445.03	316.12
2014-12-17 18:00:00	315.56	316	314.21	315.1	939.85	296305.62	315.27
2014-12-17 19:00:00	315.1	317.8	315.1	317.7	806.69	255843.81	317.15
2014-12-17 20:00:00	317.77	319.25	317.52	318.86	1205.52	384097.92	318.61
2014-12-17 21:00:00	318.79	321.11	318	321	1030.4	329336.53	319.62
2014-12-17 22:00:00	321	322.95	319.6	319.71	1277.75	410938.22	321.61
2014-12-17 23:00:00	319.71	319.9	318.8	318.86	725.39	231604.67	319.28
2014-12-18 00:00:00	319.5	320.9	318.82	320.56	758.35	242738.29	320.09
2014-12-18 01:00:00	320.58	320.89	318.9	319.4	778.05	249187.62	320.27
2014-12-18 02:00:00	319.4	320.73	318	320.13	766.95	244814.19	319.21
2014-12-18 03:00:00	320.12	325	315	317.11	2468.91	788621.08	319.42
2014-12-18 04:00:00	317.7	317.77	305.11	309.82	8183.08	2540378.78	310.44
2014-12-18 05:00:00	309.8	310.91	306.5	309.89	2147.42	662150.15	308.35
2014-12-18 06:00:00	309.89	312.3	304	304.6	3611.22	1111866.65	307.89
2014-12-18 07:00:00	304.8	305.68	302.32	302.65	2389.72	725735.83	303.69
2014-12-18 08:00:00	302.66	312.98	302.6	308.87	3271.48	1004854.63	307.16
2014-12-18 09:00:00	308.8	319.5	308.23	314.81	2140.47	671820.22	313.87
2014-12-18 10:00:00	314.81	324.2	312.3	316.2	3523.14	1119689.28	317.81
2014-12-18 11:00:00	315.93	315.93	312.43	313.69	842.12	264337.86	313.9
2014-12-18 12:00:00	313.68	314.1	307.2	307.81	3596.54	1113640.64	309.64
2014-12-18 13:00:00	308.23	308.99	307.26	308.2	1116.8	344001.31	308.02
2014-12-18 14:00:00	308.2	311.99	307.58	311.52	1190.53	369303.95	310.2
2014-12-18 15:00:00	311.5	312.75	310	310.01	667.86	207913.71	311.31
2014-12-18 16:00:00	310	312.72	308.1	311.67	1528.03	475255.5	311.03
2014-12-18 17:00:00	311.95	319.88	311.95	314.94	3615.17	1141437.98	315.74
2014-12-18 18:00:00	314.51	317.3	313.65	313.65	1324.51	418098.95	315.66
2014-12-18 19:00:00	313.89	314.96	309.9	313.46	1516.18	473627.97	312.38
2014-12-18 20:00:00	313.46	314.96	313.34	314.69	442.44	138947.19	314.05
2014-12-18 21:00:00	314.69	314.8	311.7	312.19	468.11	146478.9	312.91
2014-12-18 22:00:00	312.19	312.62	309.87	311.65	1515	471386.95	311.15
2014-12-18 23:00:00	311.88	311.9	309.05	311.77	575.4	178715.74	310.6
2014-12-19 00:00:00	311.76	312.25	310.3	311.84	288.98	90107.12	311.81
2014-12-19 01:00:00	311.95	311.95	309.25	309.94	459.58	142662.55	310.42
2014-12-19 02:00:00	309.29	309.95	307.94	309	960.76	296956.53	309.08
2014-12-19 03:00:00	309.05	309.06	305.6	306.69	1775.31	545030.46	307.01
2014-12-19 04:00:00	306.53	309.36	306.2	308.43	598.78	184522.6	308.17
2014-12-19 05:00:00	308.47	311.7	308.42	310.97	748.71	232534.93	310.58
2014-12-19 06:00:00	310.98	311.21	308	309	657.83	203538.63	309.41
2014-12-19 07:00:00	309.02	315.5	308.24	312.04	2944.59	921126.37	312.82
2014-12-19 08:00:00	311.92	314	311.92	314	518.14	162185.92	313.01
2014-12-19 09:00:00	312.9	312.9	311	312.24	440.46	137354.13	311.84
2014-12-19 10:00:00	312.3	312.39	307.69	308.49	1373.7	425519.04	309.76
2014-12-19 11:00:00	308.48	310.68	308.29	309.77	937.62	290252.12	309.56
2014-12-19 12:00:00	309.73	311.4	309.73	310.39	313.37	97221.61	310.24
2014-12-19 13:00:00	310.39	312	308.71	310.57	693.08	215011.01	310.22
2014-12-19 14:00:00	310.42	312	309.51	311.6	409.42	127293.84	310.91
2014-12-19 15:00:00	311.68	312	309.01	311.47	760.9	236638.51	311
2014-12-19 16:00:00	311.39	318.86	310.46	316.04	3294.31	1035982.44	314.48
2014-12-19 17:00:00	316.5	318.4	314.43	315.92	1209.25	382421.06	316.25
2014-12-19 18:00:00	315.92	317.13	315.4	315.79	372.94	117971.32	316.33
2014-12-19 19:00:00	315.67	316.04	313.7	313.7	422.66	133026.79	314.74
2014-12-19 20:00:00	313.81	314.52	313.7	313.9	198.09	62198.35	313.99
2014-12-19 21:00:00	313.9	315.65	313.9	315.02	391.06	123087.3	314.75
2014-12-19 22:00:00	314.92	319.97	314.92	318	2508.76	797388.1	317.84
2014-12-19 23:00:00	317.97	319.5	316.7	318.47	851.2	270989.86	318.36
2014-12-20 00:00:00	318.47	318.69	315.3	315.83	714.35	226343.42	316.85
2014-12-20 01:00:00	315.88	317	315.63	317	291.25	92111.96	316.27
2014-12-20 02:00:00	317	319.66	316.99	319.66	683.34	217261.3	317.94
2014-12-20 03:00:00	319.66	323.85	316.83	319.72	2981.3	954666.18	320.22
2014-12-20 04:00:00	319.72	324.99	319.72	324	1190.32	384429.73	322.96
2014-12-20 05:00:00	324.03	324.1	322.4	323.65	477.71	154387.45	323.18
2014-12-20 06:00:00	323.6	324.99	320.6	324.2	1235.7	398553.63	322.53
2014-12-20 07:00:00	324.2	324.33	320.19	321.82	485.09	156023.23	321.63
2014-12-20 08:00:00	321.76	325.67	320.25	324.61	645.07	208876.21	323.81
2014-12-20 09:00:00	324.48	328	324.4	325.29	1558.85	509198.74	326.65
2014-12-20 10:00:00	325.92	326.84	325	325.9	477.54	155501.61	325.63
2014-12-20 11:00:00	326.01	328.74	326.01	328.39	1833.76	601558.62	328.05
2014-12-20 12:00:00	328.4	328.8	326.26	328.22	737.84	242052.69	328.06
2014-12-20 13:00:00	328.2	328.99	326	327.88	783.5	256796.81	327.76
2014-12-20 14:00:00	327.88	328	325.31	326.93	286.32	93729.41	327.36
2014-12-20 15:00:00	326.87	327.3	324.37	325.65	443.44	144696.99	326.3
2014-12-20 16:00:00	327.21	327.21	322.16	324.83	1592.87	515695.73	323.75
2014-12-20 17:00:00	324.85	324.99	323	324.9	637.51	206539.7	323.98
2014-12-20 18:00:00	324.9	325.21	324	324	299.95	97318.05	324.45
2014-12-20 19:00:00	324.01	324.74	323.11	323.99	182.72	59102.11	323.46
2014-12-20 20:00:00	324.55	327.2	324	326.56	473.33	154234.47	325.85
2014-12-20 21:00:00	326.4	327.16	326.01	326.1	283.55	92657.26	326.78
2014-12-20 22:00:00	326.1	330	326.1	328.02	1456.56	478397.79	328.44
2014-12-20 23:00:00	328.8	330	327.23	329.66	478.15	157339.11	329.06
2014-12-21 00:00:00	329.69	329.73	326.49	326.5	518.18	169772.55	327.63
2014-12-21 01:00:00	326.94	327.75	326.7	327	291.04	95166.62	326.98
2014-12-21 02:00:00	327	327.16	324.59	324.91	254.78	82999.37	325.77
2014-12-21 03:00:00	325	327.52	322.67	322.67	1002.08	325821.72	325.15
2014-12-21 04:00:00	322.66	323.29	317.35	318.66	3701.47	1183578.16	319.76
2014-12-21 05:00:00	318.66	327.77	316.85	322.67	2901.85	936866.66	322.85
2014-12-21 06:00:00	322.68	325.75	322.6	322.68	1024.14	332244.66	324.41
2014-12-21 07:00:00	322.69	323	322.29	322.31	116.39	37543.99	322.57
2014-12-21 08:00:00	322.33	322.8	321	321	223	71744.64	321.72
2014-12-21 09:00:00	321.08	325.39	321	324	465.6	150767.79	323.82
2014-12-21 10:00:00	324.05	324.5	322.2	322.6	305.52	98859.65	323.58
2014-12-21 11:00:00	322.6	324.08	322.47	324.08	168.7	54571.54	323.49
2014-12-21 12:00:00	324.04	324.9	323.56	324.24	95.33	30900.57	324.16
2014-12-21 13:00:00	324.24	324.85	323.06	323.35	66.13	21395.58	323.52
2014-12-21 14:00:00	323.49	329.5	323.44	326.15	1216.5	397732.06	326.95
2014-12-21 15:00:00	326.07	326.45	323.92	324.11	600.93	195262.59	324.93
2014-12-21 16:00:00	324.61	325.4	323.99	325.01	315.69	102385	324.32
2014-12-21 17:00:00	325.4	327.46	324.69	326.64	650.23	212348.15	326.57
2014-12-21 18:00:00	326.65	327.68	326.21	326.21	160.33	52386.56	326.75
2014-12-21 19:00:00	326.26	326.39	324.57	324.57	300.69	97909.27	325.62
2014-12-21 20:00:00	324.98	325.55	323.87	324.28	266.61	86507.04	324.47
2014-12-21 21:00:00	324.27	324.33	322.16	322.17	283.7	91674.23	323.13
2014-12-21 22:00:00	322.18	323.8	322.16	323.43	108.36	35025.71	323.23
2014-12-21 23:00:00	323.41	323.6	320.1	320.79	807.07	259192.88	321.15
2014-12-22 00:00:00	321.19	323.82	321	323.82	240.02	77370.84	322.35
2014-12-22 01:00:00	323.61	323.87	319.64	321.64	410.85	132177.86	321.72
2014-12-22 02:00:00	321.69	322	319.94	321.82	234.07	75071.14	320.72
2014-12-22 03:00:00	321.52	322	321.25	321.81	51.47	16562.71	321.79
2014-12-22 04:00:00	321.9	322.92	320.03	320.68	132.9	42735.1	321.57
2014-12-22 05:00:00	320.65	335.59	319.82	335.59	3266.95	1076306.8	329.45
2014-12-22 06:00:00	335.62	336.85	327.11	331.82	5952.27	1983797.94	333.28
2014-12-22 07:00:00	331.7	333.86	327.77	329.69	1433.38	473573.99	330.39
2014-12-22 08:00:00	329.67	332.5	329	330.59	295.98	97880.87	330.7
2014-12-22 09:00:00	330.58	331	327.97	329.56	740.99	243917.09	329.18
2014-12-22 10:00:00	329.76	330.75	328.98	329.47	285.75	94268.61	329.9
2014-12-22 11:00:00	329.3	329.82	327.51	329.15	1275.38	419293.94	328.76
2014-12-22 12:00:00	329.15	330.38	328	330.14	433.73	142841.43	329.33
2014-12-22 13:00:00	330.3	331.5	327.29	328.28	862.86	283915.62	329.04
2014-12-22 14:00:00	328.28	330.54	328.28	330	439.57	144960.61	329.78
2014-12-22 15:00:00	330	330.92	328.52	330.02	430.06	141744.08	329.59
2014-12-22 16:00:00	330.02	333.74	329.87	332	1238.45	411357.41	332.16
2014-12-22 17:00:00	332.09	333.94	331.51	333.36	497.01	165385.07	332.76
2014-12-22 18:00:00	333.53	334.87	331.15	332.36	762.11	254010.81	333.3
2014-12-22 19:00:00	332	332.46	331.79	332.02	200.94	66736.39	332.12
2014-12-22 20:00:00	332.05	333	332.01	332.96	257.09	85509.97	332.61
2014-12-22 21:00:00	332.96	333.2	330.2	331.38	625.82	207685.11	331.86
2014-12-22 22:00:00	331.38	331.39	330.1	330.71	183.83	60793.02	330.71
2014-12-22 23:00:00	330.65	332.79	330.65	332.63	166.39	55216.91	331.85
2014-12-23 00:00:00	332.41	334.86	332.39	334.16	771.44	257543.97	333.85
2014-12-23 01:00:00	334.25	334.26	330.16	330.22	557.28	185438.33	332.76
2014-12-23 02:00:00	330.16	333.77	330	332.13	767.6	254638.33	331.74
2014-12-23 03:00:00	332.12	332.29	330.04	330.15	248.29	82272.55	331.36
2014-12-23 04:00:00	330.36	332.59	330.19	331.81	151.59	50248.76	331.47
2014-12-23 05:00:00	331.73	337.79	331.04	334.38	1776.96	595900.62	335.35
2014-12-23 06:00:00	334.26	335.91	334.26	334.5	153.28	51343.5	334.96
2014-12-23 07:00:00	334.3	334.39	331.5	333	818.66	272313.26	332.63
2014-12-23 08:00:00	333.09	333.95	330.83	331.29	525.13	174156.25	331.65
2014-12-23 09:00:00	331.28	331.92	330.91	331.76	213.76	70835.08	331.37
2014-12-23 10:00:00	331.62	332.01	331	331.96	196.43	65139.58	331.62
2014-12-23 11:00:00	331.62	331.92	330	330.85	345.73	114311.86	330.64
2014-12-23 12:00:00	330.84	332	330.5	331.19	569.77	188721.15	331.22
2014-12-23 13:00:00	331.03	332.44	331.03	332.44	211.31	70135.43	331.91
2014-12-23 14:00:00	332.4	335.52	332.13	333.5	734.92	245248.09	333.71
2014-12-23 15:00:00	333.9	335.09	332.5	333.99	254.48	84922.21	333.71
2014-12-23 16:00:00	333.93	333.93	331.9	333.32	521.77	173712.62	332.93
2014-12-23 17:00:00	333.5	335.5	333	334.58	500.41	167555.27	334.84
2014-12-23 18:00:00	334.64	335.2	334.64	335	183.93	61614.91	334.98
2014-12-23 19:00:00	335.18	337	335	336.95	754.65	253645.16	336.11
2014-12-23 20:00:00	336.79	337.5	335.3	337.4	624.77	210434.74	336.82
2014-12-23 21:00:00	337.4	337.4	335	335.2	618.4	207395.09	335.37
2014-12-23 22:00:00	335.21	335.6	335	335	176.06	59001.33	335.11
2014-12-23 23:00:00	335	336.29	335	335.7	180.79	60699.14	335.75
2014-12-24 00:00:00	335.69	335.8	335	335	131.58	44088.04	335.06
2014-12-24 01:00:00	335.23	335.93	334.92	335	185.09	62048.57	335.23
2014-12-24 02:00:00	334.92	335.09	333.26	334.48	227.17	75859.57	333.93
2014-12-24 03:00:00	334.13	334.5	333	333.37	231.75	77307.42	333.59
2014-12-24 04:00:00	333.37	334	333.37	333.98	109.3	36488.44	333.82
2014-12-24 05:00:00	334	334.26	333.35	333.85	33.8	11287.39	333.99
2014-12-24 06:00:00	333.74	333.78	333.2	333.2	51.16	17057.88	333.45
2014-12-24 07:00:00	333.21	333.25	328.35	330.49	1448.05	478909.86	330.73
2014-12-24 08:00:00	330.51	330.75	328.76	329.6	393.56	129925.65	330.13
2014-12-24 09:00:00	329.8	331	329	329.99	415.38	137090.03	330.04
2014-12-24 10:00:00	329.99	330	328.95	329.89	252.29	83167.6	329.64
2014-12-24 11:00:00	329.89	332	329.8	332	295.87	97895.36	330.87
2014-12-24 12:00:00	331.61	331.88	329.5	330.11	109.83	36295.22	330.47
2014-12-24 13:00:00	330.11	330.18	329.51	330.02	264.33	87214.23	329.94
2014-12-24 14:00:00	330.01	330.51	329.55	329.81	126.42	41699.67	329.84
2014-12-24 15:00:00	329.83	330.77	328	329.76	736.53	242298.32	328.97
2014-12-24 16:00:00	329.76	330.2	329.48	329.98	698.65	230489.72	329.91
2014-12-24 17:00:00	329.76	330.5	328.04	328.04	566.93	186835.69	329.56
2014-12-24 18:00:00	328.18	328.18	323.2	325.31	1894.59	618298.47	326.35
2014-12-24 19:00:00	325.33	325.33	320	323.98	4406.55	1417694.64	321.72
2014-12-24 20:00:00	323.72	323.99	321.85	322.74	228.27	73693.93	322.83
2014-12-24 21:00:00	322.74	323.25	320.21	322.01	408.84	131545.24	321.75
2014-12-24 22:00:00	322	324	322	323	413.05	133434.03	323.04
2014-12-24 23:00:00	323.16	323.98	322.48	322.61	251.73	81314.43	323.03
2014-12-25 00:00:00	322.62	323.4	316.13	318.64	1108.91	354436.94	319.63
2014-12-25 01:00:00	318.6	321.97	317.49	319.8	866.77	276486.94	318.99
2014-12-25 02:00:00	319.69	321.09	318.92	321.06	362.19	115976.53	320.2
2014-12-25 03:00:00	321.48	323	321.48	322.49	272.75	87944.83	322.44
2014-12-25 04:00:00	322.78	322.89	320.17	321.5	260.13	83681.06	321.69
2014-12-25 05:00:00	321.51	322	321.5	321.5	95.35	30656.28	321.51
2014-12-25 06:00:00	321.96	321.98	319.65	320.5	215.44	69204.1	321.22
2014-12-25 07:00:00	320.5	322.8	319.83	322.29	155.64	50118.95	322.02
2014-12-25 08:00:00	322.3	322.99	318.11	318.33	488.13	156453.35	320.51
2014-12-25 09:00:00	318.9	319.88	317.06	318.54	572.51	182185.81	318.23
2014-12-25 10:00:00	319.02	319.5	317.97	318.26	148.93	47496.7	318.92
2014-12-25 11:00:00	318.68	319.79	318.67	319.27	112.63	35946.01	319.16
2014-12-25 12:00:00	319.34	319.43	316.2	317.99	526.21	167137.77	317.63
2014-12-25 13:00:00	318	319	317.69	318.29	271.37	86417.92	318.46
2014-12-25 14:00:00	317.69	320.49	317.5	320.49	234.54	74850.82	319.14
2014-12-25 15:00:00	319.64	320.75	319.35	319.35	228.94	73175.72	319.62
2014-12-25 16:00:00	319.46	319.66	317.5	318.26	91.83	29257.48	318.59
2014-12-25 17:00:00	318.49	320	317.37	318.1	191.98	61232.05	318.95
2014-12-25 18:00:00	318.04	318.27	317.26	318.14	85.02	27019.16	317.78
2014-12-25 19:00:00	318.15	318.15	315.5	317	697.9	220876.55	316.49
2014-12-25 20:00:00	316.99	317.99	316.98	317.12	134.45	42650.73	317.22
2014-12-25 21:00:00	317.48	318.28	317.13	318.01	84.95	27010.72	317.96
2014-12-25 22:00:00	318.01	318.3	317.5	317.96	79.01	25123.69	317.98
2014-12-25 23:00:00	317.53	318.5	317.5	318.5	175.66	55907.37	318.28
2014-12-26 00:00:00	318.49	318.7	317.9	317.9	128.74	41007.37	318.52
2014-12-26 01:00:00	317.9	318	316.51	316.73	381.55	121015.41	317.17
2014-12-26 02:00:00	317	317.41	316.17	316.26	196.06	62119.02	316.83
2014-12-26 03:00:00	316.24	318.2	316.19	318	237.24	75267.43	317.26
2014-12-26 04:00:00	318	321	316.96	320.2	845.72	270061.65	319.33
2014-12-26 05:00:00	320.95	323.9	320.02	322.4	781.31	252002.54	322.54
2014-12-26 06:00:00	322.43	323.44	320.93	321.42	325.35	104770.29	322.03
2014-12-26 07:00:00	321.37	321.65	320.09	321.01	56.72	18199.43	320.86
2014-12-26 08:00:00	321.06	323.2	320	321.96	252.1	80996.66	321.29
2014-12-26 09:00:00	321.93	324.24	321.9	323.55	405.15	131069.12	323.51
2014-12-26 10:00:00	323.91	324	322.32	322.32	173.06	55963.56	323.37
2014-12-26 11:00:00	323.34	324.26	323	324.24	303.81	98386.23	323.84
2014-12-26 12:00:00	323.73	324.2	321.8	322.97	204.16	65947.09	323.02
2014-12-26 13:00:00	323	323.99	322.17	323.99	230.79	74573.44	323.12
2014-12-26 14:00:00	323.99	326.2	323.6	324.8	1166.67	379339.85	325.15
2014-12-26 15:00:00	324.51	324.8	323.5	323.5	222.34	72046.54	324.04
2014-12-26 16:00:00	323.63	324.48	322.2	323.4	421.82	136345.38	323.23
2014-12-26 17:00:00	323.4	327.99	322.59	327.64	1281.05	418397.14	326.6
2014-12-26 18:00:00	327.64	328.7	326.84	327.53	1026.95	336604.14	327.77
2014-12-26 19:00:00	327.63	328.6	326.9	327.2	381.37	124942.66	327.62
2014-12-26 20:00:00	327.06	328.49	326.23	327.6	565.44	185021.73	327.22
2014-12-26 21:00:00	327.6	332.4	326.66	330.92	2862.2	944894.47	330.13
2014-12-26 22:00:00	331.31	331.8	328.19	330.7	654.78	216521.38	330.68
2014-12-26 23:00:00	330.7	330.72	327.2	327.2	1011.13	333309.68	329.64
2014-12-27 00:00:00	327.79	330.6	326.5	327.69	959.58	315144.71	328.42
2014-12-27 01:00:00	327.55	328.7	323	328.45	2058.86	670878.83	325.85
2014-12-27 02:00:00	328.28	328.87	325.7	326	353.89	115684.58	326.9
2014-12-27 03:00:00	325.86	325.86	319.55	321.75	1818.36	584740.26	321.58
2014-12-27 04:00:00	321.75	322.99	318.52	320.14	897.35	287598.31	320.5
2014-12-27 05:00:00	320.42	323.24	320.2	322	228.17	73491.58	322.09
2014-12-27 06:00:00	322.84	323.67	321.52	321.7	141.11	45563.41	322.9
2014-12-27 07:00:00	321.55	322.75	320.25	321.1	177.29	56986.88	321.44
2014-12-27 08:00:00	321.02	323.6	320.56	321.52	193.57	62332.98	322.03
2014-12-27 09:00:00	321.52	322.57	321.1	322.01	46.45	14952.6	321.88
2014-12-27 10:00:00	322	322.1	321.1	321.2	90.25	29011.98	321.47
2014-12-27 11:00:00	321.22	322.18	320.1	320.3	116.63	37390.63	320.59
2014-12-27 12:00:00	320.11	321.29	320.1	320.41	101.32	32463.97	320.42
2014-12-27 13:00:00	320.4	320.4	316.56	318.04	1187.75	378223.01	318.44
2014-12-27 14:00:00	317.63	317.71	310	313.06	3634.06	1135824.14	312.55
2014-12-27 15:00:00	313.83	314.83	313	314.18	531.38	166729.54	313.76
2014-12-27 16:00:00	313.88	314.8	313.24	314.39	359.87	113049.81	314.14
2014-12-27 17:00:00	314.22	314.4	313	313.61	346.6	108665	313.52
2014-12-27 18:00:00	313.75	314.49	312.33	313.73	661.87	207475.29	313.47
2014-12-27 19:00:00	313.57	313.6	311.73	311.95	412.24	128877.51	312.63
2014-12-27 20:00:00	312.08	315	311.95	313.9	938.28	294726.34	314.11
2014-12-27 21:00:00	314.21	317.93	314.21	316.05	1270.22	401509.5	316.1
2014-12-27 22:00:00	316.05	316.34	313.79	315.77	255.12	80412.36	315.19
2014-12-27 23:00:00	315.77	317.68	314.2	315.89	670.91	211942.06	315.9
2014-12-28 00:00:00	315.9	319.79	315.9	316.34	1465.59	465629.25	317.71
2014-12-28 01:00:00	316.47	319	316	318.08	498.58	158406.62	317.72
2014-12-28 02:00:00	317.96	318.59	317.33	317.84	604.88	192379.47	318.05
2014-12-28 03:00:00	317.8	318.33	316	316.01	289.11	91667.14	317.07
2014-12-28 04:00:00	316	316.82	313.2	313.98	579.78	182173.08	314.21
2014-12-28 05:00:00	314.05	315.21	313.33	315.04	126.93	39928.45	314.58
2014-12-28 06:00:00	315.31	317.54	314.91	317.2	132.73	41976.78	316.25
2014-12-28 07:00:00	317.22	317.29	314.68	315.24	230.73	72948.06	316.16
2014-12-28 08:00:00	315.7	315.92	314.5	315.35	129.74	40880.86	315.09
2014-12-28 09:00:00	315.31	316.22	315.3	315.47	127.15	40149.29	315.77
2014-12-28 10:00:00	315.31	315.31	314.53	314.85	29.15	9178.94	314.88
2014-12-28 11:00:00	314.84	314.9	310.08	312.5	831.81	259521.08	312
2014-12-28 12:00:00	312.54	312.95	310.64	312.32	439.06	137101.49	312.26
2014-12-28 13:00:00	312.32	314.55	311.26	312.62	421.98	132116.07	313.09
2014-12-28 14:00:00	312.97	315.8	312.61	315.22	479.66	150906.89	314.61
2014-12-28 15:00:00	314.85	316.39	314.34	315.55	305.6	96401.37	315.44
2014-12-28 16:00:00	315.5	317.45	314.86	315.99	582.34	184163.28	316.25
2014-12-28 17:00:00	315.96	318.5	314.77	317.84	452.35	143208.69	316.59
2014-12-28 18:00:00	317.31	318.9	316.17	317.07	437.09	138790.26	317.53
2014-12-28 19:00:00	317.07	317.07	315.03	317.03	284.08	89740.09	315.9
2014-12-28 20:00:00	316.9	317.2	315.16	315.74	199.93	63220.52	316.21
2014-12-28 21:00:00	316.24	316.96	313	314.88	506.06	159186.31	314.56
2014-12-28 22:00:00	314.86	316.69	314.79	316.68	262.28	82821.78	315.77
2014-12-28 23:00:00	316.67	317.4	316	316.94	338.41	107242.03	316.9
2014-12-29 00:00:00	316.96	320.18	316.91	320	729.44	232819.92	319.17
2014-12-29 01:00:00	319.24	320.5	318.42	318.68	235.32	75210.47	319.61
2014-12-29 02:00:00	318.73	319.4	318.22	318.5	285.19	90913.18	318.78
2014-12-29 03:00:00	318.62	319.76	315.18	315.19	323.34	102788.24	317.9
2014-12-29 04:00:00	315.49	318	315.25	317.49	213.48	67579.31	316.56
2014-12-29 05:00:00	317.82	318.04	314.01	314.02	571.78	180444.12	315.58
2014-12-29 06:00:00	314.02	314.95	313.21	314.72	589.05	184920.32	313.93
2014-12-29 07:00:00	314.44	317	313.83	316.8	514.48	162190.64	315.25
2014-12-29 08:00:00	316.24	317.5	314.42	315.14	227.98	71909.48	315.42
2014-12-29 09:00:00	314.51	314.86	313.17	313.94	190.14	59692.89	313.94
2014-12-29 10:00:00	313.95	314.78	313.2	313.56	131.28	41197.96	313.81
2014-12-29 11:00:00	313.98	315.42	313.66	315.2	135.97	42776.67	314.6
2014-12-29 12:00:00	315.2	317.26	314.89	315.9	240.05	75914.78	316.24
2014-12-29 13:00:00	315.86	316.23	314.26	315.4	249.47	78614.27	315.12
2014-12-29 14:00:00	315.59	317.1	315.59	316.9	247.87	78458.99	316.53
2014-12-29 15:00:00	316.8	316.84	313.72	314.82	372.36	117437.16	315.39
2014-12-29 16:00:00	314.83	316.24	314	315.02	316.94	99746.98	314.72
2014-12-29 17:00:00	314.8	315.47	313.78	314.25	406.94	127935.71	314.39
2014-12-29 18:00:00	314.31	314.5	313.42	313.42	817.83	256900.36	314.12
2014-12-29 19:00:00	313.64	315.24	313.02	313.86	368.45	115700.86	314.02
2014-12-29 20:00:00	314.07	314.68	313.86	314.65	173.35	54470.96	314.22
2014-12-29 21:00:00	314.64	314.97	313.8	314.09	235.11	73880.43	314.23
2014-12-29 22:00:00	314.09	314.87	313.84	314.39	26.86	8434.64	314.06
2014-12-29 23:00:00	314.24	314.97	312.51	312.64	578.14	181301.22	313.59
2014-12-30 00:00:00	312.86	314.63	312.21	313.74	570.49	178735.8	313.3
2014-12-30 01:00:00	313.87	314.45	312.73	313.23	497.56	155928.84	313.39
2014-12-30 02:00:00	313.5	314.55	313.28	314.37	154.76	48591.22	313.97
2014-12-30 03:00:00	314.23	314.99	314.12	314.7	166.8	52451.57	314.46
2014-12-30 04:00:00	314.6	315.1	313.67	313.67	176.26	55449.4	314.59
2014-12-30 05:00:00	313.73	314.92	313.48	313.8	236.96	74519.58	314.48
2014-12-30 06:00:00	313.8	314.08	311.31	312.18	540.2	168795.44	312.47
2014-12-30 07:00:00	312.18	312.74	311.31	311.83	240.55	75015.9	311.85
2014-12-30 08:00:00	312.23	315.93	311.88	313.5	559.92	175938.88	314.22
2014-12-30 09:00:00	313.54	313.9	311.84	311.95	307.39	96264.02	313.17
2014-12-30 10:00:00	311.98	313.79	311.97	312.57	193.88	60724.91	313.2
2014-12-30 11:00:00	312.54	312.88	307.1	309.4	2239.75	693678.34	309.71
2014-12-30 12:00:00	309.47	311.12	309.46	310.22	211.77	65720.56	310.33
2014-12-30 13:00:00	310.23	312	308.15	308.78	644.84	200096.32	310.3
2014-12-30 14:00:00	308.6	310.38	308.4	310.38	243.82	75445.65	309.44
2014-12-30 15:00:00	310.38	313	310.37	312.31	483.46	150545.52	311.39
2014-12-30 16:00:00	312.3	314.25	311.7	312.05	653.74	204390.35	312.65
2014-12-30 17:00:00	311.96	313.02	311.95	312.52	325.39	101672.23	312.46
2014-12-30 18:00:00	312.52	313.37	311.97	312.08	127.99	39992.83	312.48
2014-12-30 19:00:00	312.07	313.95	311.65	311.65	867.4	271655.81	313.18
2014-12-30 20:00:00	311.65	312.05	310.01	310.01	224.77	69961	311.25
2014-12-30 21:00:00	310.03	311.32	309.7	310.4	250.27	77636.28	310.21
2014-12-30 22:00:00	310.4	311.1	309.9	310.73	87.2	27072.26	310.46
2014-12-30 23:00:00	310.74	311.2	309.7	310.8	126.42	39248.95	310.48
2014-12-31 00:00:00	310.81	311.25	309.8	310.65	253.62	78800.47	310.7
2014-12-31 01:00:00	310.47	311.25	309.82	310.42	65.85	20449.27	310.55
2014-12-31 02:00:00	310.4	310.82	309.39	310.01	282.34	87564.36	310.14
2014-12-31 03:00:00	309.98	310.6	309.42	310.04	94.3	29236.19	310.04
2014-12-31 04:00:00	310.03	310.8	310.03	310.68	58.43	18150.65	310.66
2014-12-31 05:00:00	310.79	311.52	310.4	310.64	142.97	44466.62	311.02
2014-12-31 06:00:00	310.59	312.8	309.69	312.8	282.56	88036.42	311.57
2014-12-31 07:00:00	312.77	313	311.87	311.89	414.42	129500.34	312.49
2014-12-31 08:00:00	312.3	313	311.88	313	56.52	17665.68	312.58
2014-12-31 09:00:00	313	313	312.26	312.55	109.13	34138.45	312.83
2014-12-31 10:00:00	312.57	312.78	311.36	311.91	149.25	46561.9	311.98
2014-12-31 11:00:00	312.12	312.12	311.41	311.61	35.7	11125.79	311.66
2014-12-31 12:00:00	311.47	312.78	311.1	311.77	102.11	31819.84	311.63
2014-12-31 13:00:00	311.77	312.77	311.32	311.32	40.2	12546.74	312.11
2014-12-31 14:00:00	311.95	312.88	311.36	312.05	362.74	113319.34	312.39
2014-12-31 15:00:00	312.21	314.8	312.18	314.15	278.36	87281.94	313.56
2014-12-31 16:00:00	314.21	319	313.5	316.1	2769.43	878133.6	317.08
2014-12-31 17:00:00	316.1	316.66	315.01	316.58	503.59	159069.82	315.87
2014-12-31 18:00:00	316.37	316.99	315.9	315.9	177.89	56312.68	316.55
2014-12-31 19:00:00	315.9	316.99	315.19	316.47	189.28	59865.86	316.28
2014-12-31 20:00:00	316.51	317.99	316.12	317.6	326.05	103412.63	317.17
2014-12-31 21:00:00	317.88	318	314.26	317.78	546.63	173243.78	316.93
2014-12-31 22:00:00	317.99	320	317.45	318.75	1610.55	513607.84	318.9
2014-12-31 23:00:00	319.28	322.79	318.12	322.3	2947.44	944847.79	320.57
2015-01-01 00:00:00	322.31	322.9	319	319.56	933.84	299890.3	321.14
2015-01-01 01:00:00	319.56	319.57	318.2	319.12	274.06	87363.2	318.77
2015-01-01 02:00:00	318.65	319.28	318.2	318.6	137.63	43837.66	318.51
2015-01-01 03:00:00	318.3	318.5	318.25	318.31	235.51	74972.11	318.34
2015-01-01 04:00:00	318.57	318.98	313.81	314.4	1242.28	392881.23	316.26
2015-01-01 05:00:00	314.39	316.21	314.18	315.22	257.72	81191.29	315.03
2015-01-01 06:00:00	315.24	316.7	315.21	315.52	78.81	24872.37	315.61
2015-01-01 07:00:00	315.64	316.35	314.79	315.2	116.32	36726.67	315.74
2015-01-01 08:00:00	315.41	316.64	314.74	315.5	170.33	53718.48	315.38
2015-01-01 09:00:00	315.48	316.8	315.2	316.74	70.66	22340.7	316.18
2015-01-01 10:00:00	316.83	316.89	315.57	315.8	49.28	15566.18	315.86
2015-01-01 11:00:00	315.8	316.16	315.7	315.9	70.99	22422.91	315.87
2015-01-01 12:00:00	316.13	316.15	315.61	316.14	11.17	3528.22	315.84
2015-01-01 13:00:00	316.15	317.23	316.02	316.56	92.76	29359.36	316.52
2015-01-01 14:00:00	316.26	316.71	316.01	316.01	50.07	15844.83	316.44
2015-01-01 15:00:00	316	316.1	315.6	315.95	47.55	15022.82	315.91
2015-01-01 16:00:00	315.8	316	315.05	316	192.45	60720.93	315.51
2015-01-01 17:00:00	316	316.08	315.52	315.62	76.31	24108.99	315.93
2015-01-01 18:00:00	315.66	315.9	315.05	315.23	153.66	48474.69	315.47
2015-01-01 19:00:00	315.5	316.46	315.29	316.03	216.43	68387.09	315.98
2015-01-01 20:00:00	316	316.61	315.9	316.12	249.98	79026.66	316.13
2015-01-01 21:00:00	316.1	316.14	315	315.53	106.78	33691.33	315.52
2015-01-01 22:00:00	315.23	316.14	314.73	315.48	234.52	73945.32	315.3
2015-01-01 23:00:00	315.42	315.46	314.21	314.96	109.65	34506.09	314.71
2015-01-02 00:00:00	314.54	314.95	313.31	313.7	450.45	141423.95	313.96
2015-01-02 01:00:00	313.55	314.99	313.28	314.72	79.65	25028.15	314.22
2015-01-02 02:00:00	314.91	315.69	314.14	315.64	182.85	57596.23	315
2015-01-02 03:00:00	315.5	316.1	314.84	314.84	107.5	33914.25	315.48
2015-01-02 04:00:00	314.74	314.96	314.36	314.4	88.95	27990.23	314.67
2015-01-02 05:00:00	314.99	315.99	314.36	315.29	325.08	102487.99	315.27
2015-01-02 06:00:00	315.34	315.66	314.35	314.35	68.87	21682.78	314.85
2015-01-02 07:00:00	314.4	314.54	314.01	314.17	57.12	17955.98	314.33
2015-01-02 08:00:00	314.04	315.71	314.01	314.99	137.16	43216	315.07
2015-01-02 09:00:00	314.97	315.38	314.04	315.06	86.8	27329.23	314.85
2015-01-02 10:00:00	314.7	315.71	314.52	315.65	187.31	59036.92	315.19
2015-01-02 11:00:00	314.89	315.54	314.52	314.75	32.74	10303.41	314.73
2015-01-02 12:00:00	314.77	315.6	314.76	315.55	68.55	21597.23	315.08
2015-01-02 13:00:00	314.98	316.23	314.97	315	132.42	41812.55	315.75
2015-01-02 14:00:00	315	316.7	314.8	315.64	184.55	58244.57	315.61
2015-01-02 15:00:00	315.64	316.74	315.49	315.95	296.69	93778.26	316.08
2015-01-02 16:00:00	315.75	316.33	313.7	314.76	524.97	165239.91	314.76
2015-01-02 17:00:00	314.7	314.98	314.49	314.98	89.85	28280.8	314.77
2015-01-02 18:00:00	314.75	315.52	314.67	315.52	55.96	17631.06	315.08
2015-01-02 19:00:00	315.53	316.41	315.3	315.5	270.38	85419.76	315.93
2015-01-02 20:00:00	315.5	315.58	315.45	315.57	85.24	26897.91	315.57
2015-01-02 21:00:00	315.58	315.58	315.3	315.3	83.82	26447.5	315.53
2015-01-02 22:00:00	315.3	315.84	315.01	315.3	73.06	23041.72	315.39
2015-01-02 23:00:00	315.05	316.01	315.01	315.81	164.58	51969.69	315.76
2015-01-03 00:00:00	315.8	315.99	315.06	315.59	141.9	44808.7	315.78
2015-01-03 01:00:00	315.65	315.88	314.6	314.73	343.96	108331.51	314.95
2015-01-03 02:00:00	314.73	315	312	312.06	849.12	265610.59	312.81
2015-01-03 03:00:00	312.06	312.52	310.41	312.11	914.3	284667.68	311.35
2015-01-03 04:00:00	312.16	313.58	311.7	312.52	203.26	63588.87	312.84
2015-01-03 05:00:00	312.8	312.9	310.02	310.28	443.86	137902.12	310.69
2015-01-03 06:00:00	310.38	311.11	306.9	308.02	2183.42	673357.62	308.4
2015-01-03 07:00:00	308.02	308.73	306.66	306.67	716.97	220397.56	307.4
2015-01-03 08:00:00	306.66	307.47	306.63	306.7	497.94	152780.98	306.82
2015-01-03 09:00:00	306.8	307.5	306.06	306.8	378.69	116218.02	306.9
2015-01-03 10:00:00	306.95	307.47	306.8	306.88	211.13	64844.81	307.14
2015-01-03 11:00:00	306.91	307	305.1	305.1	608.76	186082.31	305.67
2015-01-03 12:00:00	305.1	305.1	295.99	300	11673.01	3494343.55	299.35
2015-01-03 13:00:00	300	300	294.15	300	3186.8	947078.01	297.19
2015-01-03 14:00:00	299.99	301.5	297.2	300.65	1219.03	365418.95	299.76
2015-01-03 15:00:00	300.65	304.5	299.5	299.77	1437.83	434753.43	302.37
2015-01-03 16:00:00	299.8	302.99	299.77	301.7	366.04	110335.49	301.43
2015-01-03 17:00:00	301.99	302	300.12	300.63	295.06	88850.48	301.13
2015-01-03 18:00:00	300.66	301.77	299.8	301	776.37	233343.15	300.56
2015-01-03 19:00:00	301	301	293.42	294	3181.27	942225.25	296.18
2015-01-03 20:00:00	294.01	296.24	292.99	295.24	3075.18	906747.69	294.86
2015-01-03 21:00:00	295	296	290.11	291.6	2682.12	783479.48	292.11
2015-01-03 22:00:00	291.58	292.76	286.43	287.96	4322.29	1247780.37	288.69
2015-01-03 23:00:00	287.44	290.78	277.5	278.22	7672.49	2174309.48	283.39
2015-01-04 00:00:00	278.04	288.74	275.31	287	10073.62	2825126.36	280.45
2015-01-04 01:00:00	287	287.34	280.1	280.39	4536.68	1279356.62	282
2015-01-04 02:00:00	280.71	282.78	276.7	280.67	3870.91	1078774.22	278.69
2015-01-04 03:00:00	281.22	281.9	277.9	278	1390.43	390075.61	280.54
2015-01-04 04:00:00	278	284.49	277.08	284	2375.89	666036.03	280.33
2015-01-04 05:00:00	283.05	283.88	278.67	279.2	792.32	222610.82	280.96
2015-01-04 06:00:00	279.33	282.62	278.34	278.6	1733.2	484565.6	279.58
2015-01-04 07:00:00	278.81	283	278.68	281.43	1020.69	286864.77	281.05
2015-01-04 08:00:00	281.43	286.7	280.47	284.96	1270	359465.81	283.04
2015-01-04 09:00:00	285.04	286.84	282.63	285.39	731.56	208585.68	285.13
2015-01-04 10:00:00	285.4	287.5	283	284	941.2	269063.88	285.87
2015-01-04 11:00:00	283.99	283.99	280	281.5	1543.01	433786.62	281.13
2015-01-04 12:00:00	281.65	282.89	278.51	278.94	641.24	179665.78	280.18
2015-01-04 13:00:00	278.73	279.72	255.77	265.41	17611.19	4700367.04	266.9
2015-01-04 14:00:00	265.53	268.03	258.11	260.9	8016.38	2113652.55	263.67
2015-01-04 15:00:00	260.85	266.8	255.03	264	7101.55	1849380.22	260.42
2015-01-04 16:00:00	264.14	273.9	262	266.8	5875.99	1579726.49	268.84
2015-01-04 17:00:00	266.28	270.41	265.33	267.36	1896.84	507421	267.51
2015-01-04 18:00:00	267.51	269.87	263.56	264.5	1481.86	395677.4	267.01
2015-01-04 19:00:00	264.3	268.77	262.15	266.62	1757.2	465649.68	265
2015-01-04 20:00:00	266.8	269.44	266	267.03	759.97	203461.7	267.72
2015-01-04 21:00:00	267.03	268.47	263.97	264	1061.18	281970.18	265.71
2015-01-04 22:00:00	264	265.46	258.06	258.06	3022.52	791693.14	261.93
2015-01-04 23:00:00	259.34	264.19	258.7	264.19	1768.37	464377.72	262.6
2015-01-05 00:00:00	264.04	268.45	264.04	266	2105.78	560596.27	266.22
2015-01-05 01:00:00	266.08	273.5	265.12	272.74	2455.49	663553.99	270.23
2015-01-05 02:00:00	272.14	278	272.14	275.74	5018.99	1383110.19	275.58
2015-01-05 03:00:00	275.86	278.3	270.28	271.15	3136.76	860566.21	274.35
2015-01-05 04:00:00	271.15	274.21	268.22	273.21	2243.02	607444.93	270.82
2015-01-05 05:00:00	273.4	274.01	267.3	269.72	974.1	263911.03	270.93
2015-01-05 06:00:00	269.71	271.92	269.05	270.6	595.77	161247.83	270.66
2015-01-05 07:00:00	270.96	278.91	269	275.4	3445.99	946501.6	274.67
2015-01-05 08:00:00	275.2	279.5	275.2	277.55	1738.84	482387.38	277.42
2015-01-05 09:00:00	277.55	278	271	271.71	2204.76	605532.12	274.65
2015-01-05 10:00:00	271.77	274.17	271	271.01	522	142126.46	272.27
2015-01-05 11:00:00	271.29	272.49	270.55	271.31	447.22	121356.64	271.36
2015-01-05 12:00:00	271.31	272.39	269.99	270.2	669.22	181445.48	271.13
2015-01-05 13:00:00	270.99	275.27	270.99	274.31	1215.47	332953.48	273.93
2015-01-05 14:00:00	274.88	277.5	273.32	274	1346.42	369866.19	274.7
2015-01-05 15:00:00	274.43	274.5	271.51	272.09	1462.96	399003.82	272.74
2015-01-05 16:00:00	272.35	273.75	271.5	272.03	698.94	190513.28	272.57
2015-01-05 17:00:00	272.17	272.5	264.73	267.5	4336.82	1164607.71	268.54
2015-01-05 18:00:00	267.5	269.45	263.75	268	3987.9	1064856.94	267.02
2015-01-05 19:00:00	268	269.1	267.15	267.94	1502.73	402731.49	268
2015-01-05 20:00:00	267.93	270.75	267.4	270.39	1642.27	441694.74	268.95
2015-01-05 21:00:00	270.61	272.2	268.06	271.01	2007.47	541965.36	269.97
2015-01-05 22:00:00	271.42	275	270.31	273.03	1946.91	531037.16	272.76
2015-01-05 23:00:00	273.03	280.44	273.02	274.84	5163.9	1426216.65	276.19
2015-01-06 00:00:00	274.85	276.82	273.12	273.47	919.68	252847.38	274.93
2015-01-06 01:00:00	273.47	275.8	273.07	274.96	680.85	186974.33	274.62
2015-01-06 02:00:00	275.4	276.67	275.01	276.53	338.11	93251.38	275.8
2015-01-06 03:00:00	276.5	277	272.1	274.42	1189.83	326818.47	274.68
2015-01-06 04:00:00	274.5	275.37	274.11	275.12	320.68	88141.32	274.86
2015-01-06 05:00:00	275.23	276	274.05	274.85	509.63	140263.66	275.22
2015-01-06 06:00:00	274.76	277	274.03	275	984.63	271407.47	275.64
2015-01-06 07:00:00	275.01	277.9	274.12	277.8	1777.97	490890.02	276.1
2015-01-06 08:00:00	277.8	278.38	275.46	276.75	1047.81	290086.12	276.85
2015-01-06 09:00:00	276.7	276.77	275.92	276.06	440.8	121809.24	276.34
2015-01-06 10:00:00	276.24	276.3	272.71	274.5	812.14	222649.63	274.15
2015-01-06 11:00:00	274.22	277.19	274.22	276.1	1113.19	307380.26	276.13
2015-01-06 12:00:00	275.85	276.1	275	275.2	399.47	109952.94	275.25
2015-01-06 13:00:00	275.1	276	274.84	275.1	530.94	146232.11	275.42
2015-01-06 14:00:00	274.97	275.89	274	275.47	688.71	189458.65	275.09
2015-01-06 15:00:00	275.27	275.45	273.71	274.25	635.31	174463.36	274.61
2015-01-06 16:00:00	274.25	276.28	273.8	274.99	738.13	203051.28	275.09
2015-01-06 17:00:00	274.89	277.93	274.2	276.96	1305.31	360318.49	276.04
2015-01-06 18:00:00	276.97	287.2	276.86	284.52	5708.55	1609699.17	281.98
2015-01-06 19:00:00	284.52	290.45	282.78	286.02	7771	2229244.2	286.87
2015-01-06 20:00:00	286.01	289.8	284.52	286.48	3152.6	904250.93	286.83
2015-01-06 21:00:00	286.47	288.95	284.61	288.5	1387.56	397568.93	286.52
2015-01-06 22:00:00	288.5	291.94	285.55	285.99	2813.92	812633.47	288.79
2015-01-06 23:00:00	285.89	288.91	285.88	288.43	848.79	243853.53	287.3
2015-01-07 00:00:00	288.36	288.78	284.58	284.74	1355.34	388700.29	286.79
2015-01-07 01:00:00	284.75	286.15	284	285.28	1071.52	305255.37	284.88
2015-01-07 02:00:00	285.36	285.79	284	285.14	739.91	210530.61	284.54
2015-01-07 03:00:00	285.15	286.47	284.89	284.89	776.76	222062.41	285.88
2015-01-07 04:00:00	285.06	286.12	284.43	285.3	420.52	119823.78	284.94
2015-01-07 05:00:00	285.3	289.4	285.04	286.1	1013.66	291076.72	287.15
2015-01-07 06:00:00	286.35	286.5	285.25	286.27	468.58	133952.49	285.87
2015-01-07 07:00:00	286.23	288.53	285.65	287.38	768.17	220808.47	287.45
2015-01-07 08:00:00	287.37	288.86	286.41	288	1013.83	291629.32	287.65
2015-01-07 09:00:00	287.84	290.73	286	287.17	2674.01	771428.91	288.49
2015-01-07 10:00:00	287	287.95	286.6	287.21	642.69	184573.84	287.19
2015-01-07 11:00:00	287.73	288.3	286.6	287.25	493.02	141646.22	287.3
2015-01-07 12:00:00	287.09	287.46	286.01	287	586.49	168218.09	286.82
2015-01-07 13:00:00	287.01	289.49	287.01	288.98	676.04	195022.84	288.48
2015-01-07 14:00:00	288.98	289.42	287.35	287.35	527.07	151817.53	288.04
2015-01-07 15:00:00	287.37	288.63	286.5	288.05	666.1	191463.87	287.44
2015-01-07 16:00:00	288.06	289.24	287.49	289.15	559.38	161414.38	288.56
2015-01-07 17:00:00	289.28	292.5	288.74	292.2	1277.08	370981.06	290.49
2015-01-07 18:00:00	292.2	298.86	291	297.23	5275.14	1558602.94	295.46
2015-01-07 19:00:00	296.71	303.33	296.5	298	4842.82	1451316.01	299.68
2015-01-07 20:00:00	298	301.49	296.6	298.19	1396.22	417118.98	298.75
2015-01-07 21:00:00	298.5	300.99	295.15	296.46	1734.67	515959.04	297.44
2015-01-07 22:00:00	296.64	300	296.15	298	1475.87	440347.39	298.37
2015-01-07 23:00:00	298	299.42	296.25	297.99	592.01	176321.7	297.83
2015-01-08 00:00:00	297.89	298.47	295.2	297.66	665.48	197293.79	296.47
2015-01-08 01:00:00	297.12	297.12	294.57	295	720.35	212900.56	295.55
2015-01-08 02:00:00	295	295.02	289.19	292.07	2957.21	863265.88	291.92
2015-01-08 03:00:00	292.09	293.7	289.92	291.47	1202.41	350989.28	291.9
2015-01-08 04:00:00	291.24	292.4	290.15	291.93	486.57	141821.27	291.47
2015-01-08 05:00:00	291.88	291.89	290.95	291.56	279.91	81577.36	291.45
2015-01-08 06:00:00	291.57	292.11	289.42	291.18	685.16	199348.32	290.95
2015-01-08 07:00:00	291.1	292.43	290	291	1218.5	354426.28	290.87
2015-01-08 08:00:00	290.31	290.7	289.67	290.1	1345.15	390107.71	290.01
2015-01-08 09:00:00	290.18	293.44	289.98	292.99	853.73	248961.87	291.62
2015-01-08 10:00:00	292.99	294.4	292.21	292.82	1214.95	356481.99	293.41
2015-01-08 11:00:00	293.33	293.33	288.22	289.51	1567.96	455756.03	290.67
2015-01-08 12:00:00	289.53	289.88	288.58	288.95	535.35	154860.65	289.27
2015-01-08 13:00:00	288.83	288.83	282.01	283.76	3149.42	897458.89	284.96
2015-01-08 14:00:00	283.51	288.7	283.5	287.07	1996.07	572171.29	286.65
2015-01-08 15:00:00	287.08	288	286.54	287.48	550.44	158013.49	287.07
2015-01-08 16:00:00	287.95	289.86	287.49	289.82	704	203345.55	288.84
2015-01-08 17:00:00	289.29	295.88	289.29	294	2669.66	780454.63	292.34
2015-01-08 18:00:00	294.72	295.3	288.7	290.04	2397.52	700812.29	292.31
2015-01-08 19:00:00	290.23	293.09	290.06	290.3	757.19	220740.81	291.53
2015-01-08 20:00:00	290.55	293.13	289.67	293.13	1090.72	317596.75	291.18
2015-01-08 21:00:00	293.13	293.46	290.65	292.54	696.45	203473.28	292.16
2015-01-08 22:00:00	292.07	292.07	283	283.64	3537.08	1012753.98	286.32
2015-01-08 23:00:00	283.51	285.7	283	283.21	1383.7	393240.4	284.19
2015-01-09 00:00:00	283.99	283.99	280.4	283.28	1848.05	521563.53	282.22
2015-01-09 01:00:00	283.47	285	282.58	284.34	708.99	201252.11	283.86
2015-01-09 02:00:00	283.99	284.2	281.03	282.58	784.74	221311.73	282.02
2015-01-09 03:00:00	282.58	283.99	281.88	283.27	463.95	131325.46	283.06
2015-01-09 04:00:00	283.28	283.99	283.03	283.93	374.53	106226.54	283.63
2015-01-09 05:00:00	283.8	285.2	283.5	284.62	686.58	195135.49	284.21
2015-01-09 06:00:00	284.62	286.51	284.62	285.7	814.4	232874.29	285.94
2015-01-09 07:00:00	285.7	286.2	283.71	283.97	477.73	135921.44	284.52
2015-01-09 08:00:00	283.75	283.75	282.5	282.7	698.5	197599.23	282.89
2015-01-09 09:00:00	283	284.5	282.55	283.02	416.86	118116.36	283.35
2015-01-09 10:00:00	283.2	284.5	283.18	284.2	165.26	46934.61	284
2015-01-09 11:00:00	284.2	286	283.35	285.66	776.22	221222.99	285
2015-01-09 12:00:00	285.6	289.5	285.13	287.04	1907.68	548464.56	287.5
2015-01-09 13:00:00	287.04	287.05	284.51	286	862.68	246645.33	285.91
2015-01-09 14:00:00	286.04	288.16	285.74	286.1	868.45	248939.92	286.65
2015-01-09 15:00:00	286.11	286.55	285.38	285.8	566.25	162041.47	286.17
2015-01-09 16:00:00	285.79	288.08	285.34	285.75	1151.97	330300.8	286.73
2015-01-09 17:00:00	285.75	288.18	285.4	287.99	1016.33	291561.79	286.88
2015-01-09 18:00:00	287.97	288.31	287	287.9	693.04	199516.66	287.89
2015-01-09 19:00:00	287.88	297.32	286	292.18	3426.69	1001078.41	292.14
2015-01-09 20:00:00	292.18	295	288.29	293.85	2371.34	693105.23	292.28
2015-01-09 21:00:00	293.85	296.57	286.45	288.39	5689.51	1656504.17	291.15
2015-01-09 22:00:00	287.96	288.9	287.21	288.76	740.97	213565.96	288.23
2015-01-09 23:00:00	288.9	292.99	288.9	290.51	1318.46	383451.79	290.83
2015-01-10 00:00:00	290.58	292.1	288	288.08	729.79	211732.04	290.13
2015-01-10 01:00:00	288.07	289.33	286.77	289.33	632.4	182004.17	287.8
2015-01-10 02:00:00	289.33	289.56	287.35	287.36	777	223960.24	288.24
2015-01-10 03:00:00	287.35	289.95	287.35	289.42	703.22	202983.9	288.65
2015-01-10 04:00:00	289.42	290.91	288.63	289.47	484.84	140335.23	289.45
2015-01-10 05:00:00	289.48	289.48	287.71	288.19	259.55	74889.56	288.54
2015-01-10 06:00:00	288.19	288.79	283.31	285.27	1177.91	336874.9	285.99
2015-01-10 07:00:00	285.25	285.42	283.07	284.12	907.04	257299.29	283.67
2015-01-10 08:00:00	284.12	284.67	277	278.73	2498.6	699800.18	280.08
2015-01-10 09:00:00	278.73	279.74	276	279.01	3396.1	942217.93	277.44
2015-01-10 10:00:00	279.01	281.85	279	280.72	933.71	262002.06	280.6
2015-01-10 11:00:00	280.71	280.72	279	279.85	931.46	260613.17	279.79
2015-01-10 12:00:00	280	280.62	276.23	277.38	1021.22	283661.28	277.77
2015-01-10 13:00:00	277.53	280.15	275.05	277.37	1556.09	430510.83	276.66
2015-01-10 14:00:00	277.35	279.9	275.05	279.02	952.8	264256.98	277.35
2015-01-10 15:00:00	279.01	281	275	276.77	2270.11	629894.9	277.47
2015-01-10 16:00:00	276.26	279.68	275.43	278.27	847.13	234873.94	277.26
2015-01-10 17:00:00	278.29	279.23	277.43	278	388.96	108154.74	278.06
2015-01-10 18:00:00	278	280.42	278	279.48	652.36	182194.66	279.29
2015-01-10 19:00:00	279.52	279.84	276.5	276.61	1016.23	282704.4	278.19
2015-01-10 20:00:00	276.58	279.24	276.01	278.89	536.51	148688.12	277.14
2015-01-10 21:00:00	278.59	279.32	276.2	279.27	1123.3	311741.24	277.52
2015-01-10 22:00:00	279.27	279.5	276.77	277.59	643.73	179086.6	278.2
2015-01-10 23:00:00	277.59	278.99	275.5	276.03	591.91	164022.76	277.11
2015-01-11 00:00:00	276.01	278.78	275.01	278.73	699.98	193576.57	276.55
2015-01-11 01:00:00	278.32	278.97	277.92	278.75	264.33	73597.52	278.43
2015-01-11 02:00:00	278.75	282.86	277.93	281.01	1501.77	421370.88	280.58
2015-01-11 03:00:00	281.05	282.03	280	280.01	499.9	140219.62	280.49
2015-01-11 04:00:00	280.01	280.01	276.42	277.07	615.44	170868.96	277.64
2015-01-11 05:00:00	277.01	277.45	276.1	277.11	341.97	94543.3	276.46
2015-01-11 06:00:00	277.31	277.83	276.5	276.71	117.37	32514.36	277.01
2015-01-11 07:00:00	276.64	276.8	276	276.31	443.73	122567.25	276.22
2015-01-11 08:00:00	276.69	278.47	276.59	277	353.22	97944.49	277.29
2015-01-11 09:00:00	277	278.32	276.99	276.99	273.66	75967.91	277.6
2015-01-11 10:00:00	276.94	277.52	276.22	277.52	566.03	156567.42	276.61
2015-01-11 11:00:00	277.55	279.15	276.2	277.5	710.15	196953.49	277.34
2015-01-11 12:00:00	277.57	278.4	277.22	277.8	170.25	47313.48	277.9
2015-01-11 13:00:00	277.66	279.14	277.45	278.72	421.57	117503.41	278.73
2015-01-11 14:00:00	278.8	280.3	278.75	280.04	593.43	165866.45	279.51
2015-01-11 15:00:00	280.04	280.05	268.8	271.45	4123.83	1127455.69	273.4
2015-01-11 16:00:00	271.45	273.39	269.25	272.56	1596.3	433407.82	271.51
2015-01-11 17:00:00	272.63	272.84	271.37	271.99	677.91	184590.7	272.29
2015-01-11 18:00:00	271.66	272.79	270	270	745.68	202211.45	271.18
2015-01-11 19:00:00	270.14	270.46	266	268.11	2839.8	760759.14	267.89
2015-01-11 20:00:00	268.11	269.35	265.83	267.33	2068.56	552378.45	267.04
2015-01-11 21:00:00	267.47	269.49	266.79	268.79	1067.54	286039.25	267.94
2015-01-11 22:00:00	269	270.76	268.1	268.33	1228.17	330791.47	269.34
2015-01-11 23:00:00	268.46	270.83	266.8	267.27	894.43	240172.09	268.52
2015-01-12 00:00:00	267.54	270	267.15	268.18	557.55	149986.2	269.01
2015-01-12 01:00:00	268.18	269.41	267.58	267.77	715.17	191711.45	268.06
2015-01-12 02:00:00	267.8	271	267.67	270.99	593.35	160114.27	269.85
2015-01-12 03:00:00	270.98	272.63	269	271.56	1348.75	365037.46	270.65
2015-01-12 04:00:00	271.61	273.7	271.18	272.7	680.1	185484.21	272.73
2015-01-12 05:00:00	272.7	272.93	271.1	271.59	278.44	75674.37	271.78
2015-01-12 06:00:00	271.39	272.18	271.1	272.13	339.69	92253.78	271.58
2015-01-12 07:00:00	271.67	272.73	271.5	272.48	196.8	53525.53	271.98
2015-01-12 08:00:00	272.05	272.74	269.69	269.7	403.31	109203.39	270.77
2015-01-12 09:00:00	269.8	270.18	269	269.9	1668.66	449585.37	269.43
2015-01-12 10:00:00	269.97	269.97	266.24	268.67	2774.24	743920.85	268.15
2015-01-12 11:00:00	268.67	270.68	268.1	269.89	558.81	150549.25	269.41
2015-01-12 12:00:00	270.34	270.99	268.24	268.25	649.01	174915.56	269.51
2015-01-12 13:00:00	268.53	270	267.56	269.99	572.37	153902.06	268.89
2015-01-12 14:00:00	269.89	274.44	269	273.7	2380.52	647615.09	272.05
2015-01-12 15:00:00	273.32	274.25	272.67	272.85	791.74	216422.53	273.35
2015-01-12 16:00:00	272.83	273.87	272.7	273.31	272.6	74458.14	273.15
2015-01-12 17:00:00	273.29	273.63	271.44	272.3	421.37	114790.94	272.42
2015-01-12 18:00:00	272.18	273.02	270.1	272.08	984.46	267746.58	271.97
2015-01-12 19:00:00	272.37	272.8	271.61	271.79	505.99	137789.22	272.32
2015-01-12 20:00:00	271.71	272.35	269.65	269.9	1009.98	273251.35	270.55
2015-01-12 21:00:00	270.09	272.17	269.66	271.52	685.21	185414.17	270.59
2015-01-12 22:00:00	271.59	272.1	271.3	271.56	321.02	87219.38	271.69
2015-01-12 23:00:00	271.58	271.85	268.37	268.75	2709.34	731240.97	269.9
2015-01-13 00:00:00	268.6	269.66	258	259.32	5415.75	1428035.86	263.68
2015-01-13 01:00:00	259.31	262.98	250.42	254	13486.58	3451684.8	255.93
2015-01-13 02:00:00	253.58	258.73	252.58	253.65	3845.12	980317.91	254.95
2015-01-13 03:00:00	253.66	253.81	244.12	244.5	15023.17	3725696.96	248
2015-01-13 04:00:00	244.52	250.2	241.01	250.2	9615.78	2363549.58	245.8
2015-01-13 05:00:00	250.01	250.3	244.36	247.8	3884.72	961111.05	247.41
2015-01-13 06:00:00	248	251.49	246.82	249	2100.5	524180.56	249.55
2015-01-13 07:00:00	249	250	242.22	246.17	3924.95	967900.51	246.6
2015-01-13 08:00:00	246.02	250	246.01	247.99	1532.08	380080.16	248.08
2015-01-13 09:00:00	247.92	249.44	246.14	247.19	1012.05	250360.43	247.38
2015-01-13 10:00:00	246.91	247.19	226.2	233.02	14575.51	3413141.9	234.17
2015-01-13 11:00:00	233.29	236.45	228.88	228.88	5125.12	1194607.43	233.09
2015-01-13 12:00:00	228.88	232.93	226.1	230.6	5410.79	1241573.24	229.46
2015-01-13 13:00:00	230.6	238.44	228.05	237.4	4556.33	1068950.21	234.61
2015-01-13 14:00:00	237.39	237.39	230.05	233.82	6583.06	1535931.87	233.32
2015-01-13 15:00:00	233.82	240	233.14	236.6	5732.61	1357541.38	236.81
2015-01-13 16:00:00	236.51	243	232.73	234.31	6251.65	1482706.73	237.17
2015-01-13 17:00:00	234.32	235.53	231.45	232.45	2612.28	611523.97	234.1
2015-01-13 18:00:00	232.43	237	231.1	235.6	3582.32	838923.57	234.18
2015-01-13 19:00:00	235	241	234.98	238.91	5078.69	1211898.61	238.62
2015-01-13 20:00:00	238.91	239.02	236.55	237	1709.9	406642.76	237.82
2015-01-13 21:00:00	236.99	239.42	234.04	237	3556.72	839255.77	235.96
2015-01-13 22:00:00	237	238.5	219	222.97	15948.51	3614199.6	226.62
2015-01-13 23:00:00	222.8	229.99	221	228.07	9894.93	2220783.66	224.44
2015-01-14 00:00:00	228.49	228.49	215.9	220	8904.52	1966859.71	220.88
2015-01-14 01:00:00	220	222.2	217.11	220.54	3164.06	694476.04	219.49
2015-01-14 02:00:00	220.52	225.8	220.52	221.94	5208.7	1160174.6	222.74
2015-01-14 03:00:00	222.91	223.25	219.24	220.86	2413.39	533148.11	220.91
2015-01-14 04:00:00	220.46	222.07	218.1	218.68	1131.99	248646.33	219.65
2015-01-14 05:00:00	218.69	218.82	211.56	213.68	5762.84	1241162.76	215.37
2015-01-14 06:00:00	212.52	213.67	201	206.97	19851.69	4099634.07	206.51
2015-01-14 07:00:00	207.18	210.36	166.45	186	47551.99	8876007.48	186.66
2015-01-14 08:00:00	186.11	209	184	202.33	18364.11	3491665.52	190.14
2015-01-14 09:00:00	202.33	224.76	201.01	211.41	21794.8	4604069.06	211.25
2015-01-14 10:00:00	211.41	216.5	195.01	203.36	15933.84	3256257.71	204.36
2015-01-14 11:00:00	203.36	204.03	191	194.99	7245.34	1436070.05	198.21
2015-01-14 12:00:00	194.99	199.98	186.66	199.25	10373.66	2000801.74	192.87
2015-01-14 13:00:00	199.25	201.18	190.31	199.13	6333.6	1231313.3	194.41
2015-01-14 14:00:00	199.67	209	193.54	197	9201.36	1841073.68	200.09
2015-01-14 15:00:00	196.91	199.89	194.55	196.72	2794.69	550623.04	197.02
2015-01-14 16:00:00	196.74	196.97	185	186	12480.63	2371821.6	190.04
2015-01-14 17:00:00	186	189	181.33	182.67	7522.77	1386187.8	184.27
2015-01-14 18:00:00	182.67	186.32	175.01	186.23	16496.79	2960200.16	179.44
2015-01-14 19:00:00	186.31	195.93	180.04	186.93	13140.38	2474899.26	188.34
2015-01-14 20:00:00	186.86	191	183.43	184.84	6980.67	1307344.53	187.28
2015-01-14 21:00:00	185.41	188	183.66	184.42	3607.04	671389.48	186.13
2015-01-14 22:00:00	184.42	185.53	172.51	178.92	12589.1	2245411.17	178.36
2015-01-14 23:00:00	178.93	184	174.82	182	10717.32	1923382.95	179.46
2015-01-15 00:00:00	181	199.56	179.05	191	13602.78	2556182.03	187.92
2015-01-15 01:00:00	190.29	204.9	190	199.4	13073.93	2582648.85	197.54
2015-01-15 02:00:00	199.44	215	195.63	206	14072.72	2917043.91	207.28
2015-01-15 03:00:00	206.19	211	190.42	195.49	12943.55	2613935.73	201.95
2015-01-15 04:00:00	195.35	201.93	191.1	197.69	4203.15	826120.7	196.55
2015-01-15 05:00:00	197.71	198.66	191.64	197	3921.16	766770.67	195.55
2015-01-15 06:00:00	196.74	207.5	196.31	200.01	7903.79	1600250.75	202.47
2015-01-15 07:00:00	200.02	201.45	193.1	200.5	3644.04	721508.51	198
2015-01-15 08:00:00	200.5	205.99	199.29	201.83	5113.44	1038273.6	203.05
2015-01-15 09:00:00	201.83	208	198.5	208	4083.69	827656.93	202.67
2015-01-15 10:00:00	207.3	216.57	207	213.02	10019.46	2121983.79	211.79
2015-01-15 11:00:00	213.2	214.51	208.54	211.94	4367.13	923783.43	211.53
2015-01-15 12:00:00	211.78	220	211.78	217.84	9960.32	2162279.68	217.09
2015-01-15 13:00:00	218	230.74	216.04	226.5	11725.27	2630962.49	224.38
2015-01-15 14:00:00	226.5	228	214.2	214.2	12946.86	2860046.08	220.91
2015-01-15 15:00:00	214.08	221.45	213.31	220.72	5608.74	1220421.13	217.59
2015-01-15 16:00:00	221.44	222	211	215.44	5839.64	1257377.95	215.32
2015-01-15 17:00:00	215.61	220.5	213.21	218.84	2858.11	620720.97	217.18
2015-01-15 18:00:00	218.6	224.4	217.84	218.81	4053.18	896132.56	221.09
2015-01-15 19:00:00	218.81	220.6	213.51	214.19	3486.6	756719.17	217.04
2015-01-15 20:00:00	213.57	214.19	202.5	205.7	10330.31	2150083.75	208.13
2015-01-15 21:00:00	205.71	208.39	195	207.1	12273.18	2478537.31	201.95
2015-01-15 22:00:00	207.08	212	206.25	209.12	3820.87	800231.83	209.44
2015-01-15 23:00:00	209.1	216.5	208.72	209.81	4519.71	961911.63	212.83
2015-01-16 00:00:00	209.81	214.08	207.01	212.1	3750.33	790964.86	210.91
2015-01-16 01:00:00	212.1	214.99	209.17	210.81	2282.74	485157.93	212.53
2015-01-16 02:00:00	210.8	219.5	210.24	215.7	4960.57	1073061.68	216.32
2015-01-16 03:00:00	215.71	222.5	215.46	220.8	4798.67	1049065.97	218.62
2015-01-16 04:00:00	221	223.1	216.56	217.01	4108.03	902741.15	219.75
2015-01-16 05:00:00	217.15	219.44	216.72	216.72	958.85	208873.55	217.84
2015-01-16 06:00:00	216.74	217	212	215.89	4784.88	1024632.78	214.14
2015-01-16 07:00:00	215.9	221	215.21	217.02	2644.63	577682.63	218.44
2015-01-16 08:00:00	216.86	217.22	211.51	216.27	2263.06	486580.66	215.01
2015-01-16 09:00:00	216.15	220.48	214.3	218.7	2621.76	570504.48	217.6
2015-01-16 10:00:00	218.62	221.97	217.2	220.2	2345.03	515396.08	219.78
2015-01-16 11:00:00	220.2	222.45	212.7	215.69	4410.08	960154.84	217.72
2015-01-16 12:00:00	215.51	215.68	207	210.6	6099.17	1281567.95	210.12
2015-01-16 13:00:00	210.6	211.73	202.34	209.4	3843.37	796380.31	207.21
2015-01-16 14:00:00	209.4	211.7	207.2	207.68	1857.65	388969.07	209.39
2015-01-16 15:00:00	207.7	209.84	204.6	208.2	3097.56	640831.91	206.88
2015-01-16 16:00:00	208.31	208.5	204.93	205.99	1780.13	367537.84	206.47
2015-01-16 17:00:00	205.95	206	197.72	203.51	7951.59	1604170.69	201.74
2015-01-16 18:00:00	203.96	211.7	203.51	207.35	4451.13	922533.17	207.26
2015-01-16 19:00:00	207.31	210	207	209.54	1185.88	247247.75	208.49
2015-01-16 20:00:00	209.39	209.85	206.09	208.3	1700.06	353402.87	207.88
2015-01-16 21:00:00	208.43	209.9	207.94	208	705.43	147337.86	208.86
2015-01-16 22:00:00	208.66	209.9	205.31	209.08	2044.18	424554.71	207.69
2015-01-16 23:00:00	209.08	213.5	201.9	208.5	5686.7	1180715.28	207.63
2015-01-17 00:00:00	208.52	209	205.76	207.31	1056.51	219166.54	207.44
2015-01-17 01:00:00	207.25	211.5	207.25	209.3	1115.23	233458.12	209.34
2015-01-17 02:00:00	209.3	209.31	208.12	208.38	708.14	147650.41	208.51
2015-01-17 03:00:00	208.38	214	208.3	209.9	2414.37	510085.17	211.27
2015-01-17 04:00:00	210	210.5	204	204.75	3723.38	769499.6	206.67
2015-01-17 05:00:00	204.73	205.9	197.67	201.36	6430.18	1291970.07	200.92
2015-01-17 06:00:00	201.2	201.7	198.1	201	2575.9	515353.54	200.07
2015-01-17 07:00:00	201	204.86	200.57	200.67	2705	546260.46	201.94
2015-01-17 08:00:00	200.7	201.8	192.2	198.7	6271.87	1233438.21	196.66
2015-01-17 09:00:00	198.72	199.05	194.19	197.78	2594.29	509294.64	196.31
2015-01-17 10:00:00	197.67	200.73	196.02	199	2236.49	444793.42	198.88
2015-01-17 11:00:00	199	203	196.97	198.68	1714.76	342293.11	199.62
2015-01-17 12:00:00	198.68	201.14	197.43	200.73	1076.55	214054.99	198.83
2015-01-17 13:00:00	200.76	201.14	198.12	198.7	971.06	193972.22	199.75
2015-01-17 14:00:00	198.74	199.99	195.41	195.5	2564.24	507853.95	198.05
2015-01-17 15:00:00	195.45	200.3	194.3	198.66	2280.25	451784.9	198.13
2015-01-17 16:00:00	198.72	200.68	198.07	199.72	831.4	165770.19	199.39
2015-01-17 17:00:00	199.7	199.85	197.09	198.08	790.6	156755.38	198.27
2015-01-17 18:00:00	198.07	198.69	196.64	198.09	790.73	156497.62	197.91
2015-01-17 19:00:00	198.15	202.6	197.99	199.41	2522.56	506132.17	200.64
2015-01-17 20:00:00	199.41	199.9	197.26	198.98	835.4	165907.39	198.6
2015-01-17 21:00:00	198.99	199.76	198.5	198.54	767.95	152932.31	199.14
2015-01-17 22:00:00	198.51	200	198.51	199.46	875.21	174757.22	199.67
2015-01-17 23:00:00	199.45	201.5	199.05	201.09	1058.3	212000.29	200.32
2015-01-18 00:00:00	201.08	201.7	198.5	199.31	986.68	197753.99	200.42
2015-01-18 01:00:00	198.9	199	196.3	196.4	2697.4	532759.99	197.51
2015-01-18 02:00:00	197.08	197.08	194.22	196.01	2520.98	493061.55	195.58
2015-01-18 03:00:00	196.04	197.8	194.9	195.49	1800.5	353871.34	196.54
2015-01-18 04:00:00	195.49	196.47	194.9	195.99	493.9	96539.23	195.46
2015-01-18 05:00:00	195.9	199.34	195.83	196.8	933.64	184509.61	197.62
2015-01-18 06:00:00	196.8	198.49	196	196.01	863.94	170209.05	197.01
2015-01-18 07:00:00	196.01	197.7	194	194.97	1356.07	264657.86	195.17
2015-01-18 08:00:00	194.97	214.2	194.29	208.62	11054.69	2277007.5	205.98
2015-01-18 09:00:00	209.87	215	209.1	211.66	8225.41	1745796.14	212.24
2015-01-18 10:00:00	211.61	215	207.73	211	4177.7	884092.01	211.62
2015-01-18 11:00:00	210.99	214.79	210.26	212.02	2048.22	434803	212.28
2015-01-18 12:00:00	212.04	222	210.75	219.52	7293.65	1590373.65	218.05
2015-01-18 13:00:00	219.6	221.45	216.35	216.9	1685.69	368030.74	218.33
2015-01-18 14:00:00	216.97	216.97	212	213.37	2856.29	611103.5	213.95
2015-01-18 15:00:00	213.36	218.03	208.2	211.87	3907.09	834220.95	213.51
2015-01-18 16:00:00	211.55	211.88	207	210	2665.98	557728.03	209.2
2015-01-18 17:00:00	209.9	211.93	209.36	210.9	1071.29	225758.19	210.74
2015-01-18 18:00:00	210.88	211.5	208.51	209	928.68	194808.41	209.77
2015-01-18 19:00:00	209.08	214	208.5	213.86	1404.87	296962.32	211.38
2015-01-18 20:00:00	213.54	215.88	210.29	210.78	2292.31	487869.35	212.83
2015-01-18 21:00:00	210.75	210.98	207.6	209.29	2486.02	519175.9	208.84
2015-01-18 22:00:00	209.35	211.45	208.71	210.69	959.56	201884.72	210.39
2015-01-18 23:00:00	210.7	212.66	210.24	211.03	861.15	181831.37	211.15
2015-01-19 00:00:00	210.98	218	210.98	217.28	2443.64	523637.92	214.29
2015-01-19 01:00:00	217.9	218	212.1	212.91	1694.04	363462.68	214.55
2015-01-19 02:00:00	212.91	217.62	212.91	215.05	1456.32	314099.82	215.68
2015-01-19 03:00:00	215.2	215.46	212.6	212.84	1362.22	291096.65	213.69
2015-01-19 04:00:00	212.67	216.07	212.59	214.14	588.12	126357.24	214.85
2015-01-19 05:00:00	214.33	219.51	214.12	216.46	1306.8	283939.82	217.28
2015-01-19 06:00:00	216.42	216.42	208.75	210.05	3250.74	686723.96	211.25
2015-01-19 07:00:00	210.11	213.38	207	207.96	2854.05	596638.95	209.05
2015-01-19 08:00:00	208.03	210.4	207.9	208.31	912.84	190439.16	208.62
2015-01-19 09:00:00	208.38	209.34	207.9	208.6	497.19	103635.75	208.44
2015-01-19 10:00:00	208.64	210.5	208.34	209.5	1036.78	217131.66	209.43
2015-01-19 11:00:00	209.5	211.9	208.5	211.7	480.16	100905.79	210.15
2015-01-19 12:00:00	211.9	213.5	210.85	212.96	827.63	175816.79	212.44
2015-01-19 13:00:00	212.95	212.95	210	210.1	1039.41	219316.25	211
2015-01-19 14:00:00	210.06	211.59	209.51	211.11	753.21	158614.55	210.58
2015-01-19 15:00:00	211.12	213.08	211.12	211.19	919.33	195249.08	212.38
2015-01-19 16:00:00	211.29	213.02	211.22	211.97	640.88	136041.81	212.27
2015-01-19 17:00:00	211.97	212.67	211.22	212.4	601.51	127378.05	211.76
2015-01-19 18:00:00	212.39	212.87	211.33	212.03	393.71	83534.61	212.17
2015-01-19 19:00:00	211.86	212.74	211.5	211.66	404.27	85737.56	212.08
2015-01-19 20:00:00	211.62	216.46	211.45	213.65	1558.1	333781.07	214.22
2015-01-19 21:00:00	213.95	219.95	213.63	216.61	3581.64	779204.91	217.56
2015-01-19 22:00:00	216.9	218.78	215.12	216.78	1555.22	337064.36	216.73
2015-01-19 23:00:00	216.95	218.7	214.9	216.2	2280.51	494942.84	217.03
2015-01-20 00:00:00	216.14	219.25	211.01	212.94	7081.83	1519597.24	214.58
2015-01-20 01:00:00	213.11	214.2	211.72	211.81	856.2	182211.27	212.81
2015-01-20 02:00:00	212.11	218.7	211	212.03	5765.58	1236495.48	214.46
2015-01-20 03:00:00	212.09	214.33	211.33	213.65	935.13	199004.51	212.81
2015-01-20 04:00:00	213.67	214.43	212.38	213.1	521.21	111168.14	213.29
2015-01-20 05:00:00	212.94	213.3	208	209.79	4303.42	903116.15	209.86
2015-01-20 06:00:00	210.05	210.75	209.14	209.29	855.57	179591.63	209.91
2015-01-20 07:00:00	209.34	210.3	208.5	209.6	1056.39	221095.3	209.29
2015-01-20 08:00:00	209.6	211.33	209.58	210.01	1141.77	240370.43	210.53
2015-01-20 09:00:00	210	210.28	209.24	209.29	753.5	158068.79	209.78
2015-01-20 10:00:00	209.77	210.39	209.1	209.4	995.38	208952.49	209.92
2015-01-20 11:00:00	209.39	210.28	209.2	209.65	1062.22	222603.75	209.56
2015-01-20 12:00:00	209.9	210.9	209.1	209.1	970.33	203412.29	209.63
2015-01-20 13:00:00	209.1	209.75	203.7	205.56	4989.68	1030904.38	206.61
2015-01-20 14:00:00	205.55	214.41	204.66	211.76	6058.98	1276364.05	210.66
2015-01-20 15:00:00	211.72	213.99	211.13	212	3510.98	746976.08	212.75
2015-01-20 16:00:00	212.21	213.49	211.61	212.28	1753.16	372369.31	212.4
2015-01-20 17:00:00	212.36	214.88	211.77	213.53	2741.13	585218.8	213.5
2015-01-20 18:00:00	213.27	214.35	212.01	212.33	956.37	203445.61	212.73
2015-01-20 19:00:00	212.33	214.95	212.33	214.15	1342.78	287439.06	214.06
2015-01-20 20:00:00	214.05	214.3	212.95	213.11	678.21	144951.23	213.73
2015-01-20 21:00:00	213.11	213.17	210.75	211.7	2090.26	443127.55	212
2015-01-20 22:00:00	211.7	212.18	210	211.84	1119.54	236005.56	210.81
2015-01-20 23:00:00	211.85	212.85	211.5	212.11	630.34	133730.15	212.16
2015-01-21 00:00:00	212.1	213.47	212.1	212.99	606.13	128970.62	212.78
2015-01-21 01:00:00	212.97	213.21	212.2	213.2	379.33	80671.78	212.67
2015-01-21 02:00:00	213.22	216.5	212.8	213.09	3135.65	674082.17	214.97
2015-01-21 03:00:00	213.01	214.5	212.87	213	713.23	152428.27	213.72
2015-01-21 04:00:00	213.4	216.4	213.07	215.7	1800.59	387590.69	215.26
2015-01-21 05:00:00	215.7	216.9	214.81	216	1775.54	383197.78	215.82
2015-01-21 06:00:00	215.99	217.4	212.2	212.4	3150.3	676968.04	214.89
2015-01-21 07:00:00	213.33	213.9	211	212.5	1617.43	343359.35	212.29
2015-01-21 08:00:00	212.5	214.19	212.44	213.31	476.49	101644.14	213.32
2015-01-21 09:00:00	214.04	214.43	213.24	214.43	663.72	142010.66	213.96
2015-01-21 10:00:00	214.3	215.22	213.93	214.07	1143.86	245858.17	214.94
2015-01-21 11:00:00	214.07	214.34	212.6	212.7	415.55	88656.85	213.35
2015-01-21 12:00:00	212.7	214.1	211.47	211.99	1282.35	272756.18	212.7
2015-01-21 13:00:00	211.97	214.8	211.6	214.5	691.97	148017.7	213.91
2015-01-21 14:00:00	214.52	214.52	212.69	212.7	984.17	210384.92	213.77
2015-01-21 15:00:00	212.7	214.31	212.2	213.5	549.17	117130.06	213.29
2015-01-21 16:00:00	213.54	214.82	213.54	214.44	906.05	194026.12	214.14
2015-01-21 17:00:00	214.44	216.19	214	215.3	1804.2	387994.05	215.05
2015-01-21 18:00:00	215.3	216.95	214.32	215.05	2198.67	474173.17	215.66
2015-01-21 19:00:00	215.05	216.5	215.05	216.5	1106.33	238830.05	215.88
2015-01-21 20:00:00	216.43	221.97	216.35	219.48	8328.7	1825591.63	219.19
2015-01-21 21:00:00	219.47	230	219.05	227.3	14159.7	3189197.17	225.23
2015-01-21 22:00:00	227.07	229.99	223.3	228.21	6463.59	1466280.65	226.85
2015-01-21 23:00:00	228.53	229	225.4	228.08	3442.17	782900.48	227.44
2015-01-22 00:00:00	228.05	230	225.29	227.38	2971.5	676693.77	227.73
2015-01-22 01:00:00	227.46	236.99	226.65	233.72	7405.66	1724982.28	232.93
2015-01-22 02:00:00	233.73	242	233.47	236.1	10360.56	2459915.96	237.43
2015-01-22 03:00:00	236.1	236.73	230.1	232.07	5649.69	1315649.16	232.87
2015-01-22 04:00:00	232.03	234.8	231.42	234.79	2097.7	489560.65	233.38
2015-01-22 05:00:00	234.73	236.23	234.06	234.39	1874.76	440255.79	234.83
2015-01-22 06:00:00	234.2	235	231	232.51	2066.94	481401.53	232.91
2015-01-22 07:00:00	232.6	232.68	229.77	231.51	1739.82	401259.92	230.63
2015-01-22 08:00:00	231.79	233.67	230.75	232.12	1165.97	271177.36	232.58
2015-01-22 09:00:00	232.08	232.42	231.44	232.1	574.27	133180.23	231.91
2015-01-22 10:00:00	232.04	236.34	231.42	234.02	1623.48	379791.7	233.94
2015-01-22 11:00:00	234.02	235.23	232	232.54	1005.89	234496.8	233.12
2015-01-22 12:00:00	232.55	235.62	232.55	234.09	796.89	186480.75	234.01
2015-01-22 13:00:00	233.71	239.9	233.3	237.69	2045.79	484429.44	236.79
2015-01-22 14:00:00	237.7	238.59	231.94	233.83	4238.68	993816.17	234.46
2015-01-22 15:00:00	233.69	234.48	231.8	233.4	1489.73	347156.47	233.03
2015-01-22 16:00:00	233.4	235.76	233.4	235.4	1291.39	302859.22	234.52
2015-01-22 17:00:00	235.4	236.4	234.11	235.9	961.32	226399.39	235.51
2015-01-22 18:00:00	235.87	236.24	233.28	233.91	1053.72	247473.67	234.86
2015-01-22 19:00:00	233.84	235.1	233.61	234.1	669.61	157007.25	234.48
2015-01-22 20:00:00	234.1	234.1	230.33	232.15	2160.3	501655.15	232.22
2015-01-22 21:00:00	232.14	232.9	229.78	232	1980.99	458210.12	231.3
2015-01-22 22:00:00	231.94	233.88	231.35	232.71	1035.49	240736.7	232.49
2015-01-22 23:00:00	232.71	234.99	232.47	234.7	1082.87	252983.29	233.62
2015-01-23 00:00:00	234.7	235.48	231.56	232.55	2135.04	498704.17	233.58
2015-01-23 01:00:00	232.6	232.76	225.2	227.1	5527.4	1258424.42	227.67
2015-01-23 02:00:00	226.63	228.46	225.13	225.13	1978.9	449685.15	227.24
2015-01-23 03:00:00	225.13	228.78	225.13	227.4	1637.18	371615.24	226.99
2015-01-23 04:00:00	227.43	227.99	225.89	227.99	1007.69	228790.62	227.04
2015-01-23 05:00:00	227.77	227.77	227	227.64	390.4	88751.27	227.33
2015-01-23 06:00:00	227.62	229.99	227.38	229.34	1786.84	408834.2	228.8
2015-01-23 07:00:00	229.88	232.46	227.21	228.39	1431.04	328929.19	229.85
2015-01-23 08:00:00	228.39	228.39	225.52	225.88	1539.73	349463.79	226.96
2015-01-23 09:00:00	225.93	228.39	225.82	226.93	832.56	188874.82	226.86
2015-01-23 10:00:00	226.93	227.78	226.56	226.56	998.42	226681.51	227.04
2015-01-23 11:00:00	226.57	227.41	226.22	226.63	820.13	185994.05	226.79
2015-01-23 12:00:00	226.51	228.57	226.12	228.3	921.26	209434.44	227.34
2015-01-23 13:00:00	228.12	233.75	228.1	230.79	3758.93	870531.2	231.59
2015-01-23 14:00:00	230.98	232.93	230.46	231.37	1553.65	360023.19	231.73
2015-01-23 15:00:00	232.17	233.9	231.1	231.82	2245.39	522569.64	232.73
2015-01-23 16:00:00	231.81	233.2	230.88	232.42	1244.5	288903.78	232.14
2015-01-23 17:00:00	232.42	233.9	232.31	233.05	1399.71	326337.4	233.15
2015-01-23 18:00:00	233.06	233.52	232.04	232.59	730.37	169906.09	232.63
2015-01-23 19:00:00	232.6	233.77	232.44	233.01	809.6	188666.94	233.04
2015-01-23 20:00:00	233.01	236.98	233.01	234.52	2793.33	656848.11	235.15
2015-01-23 21:00:00	234.52	235.52	233.51	234.81	1624.6	381284.3	234.69
2015-01-23 22:00:00	234.84	235.8	230.5	231.01	1846.73	430499.29	233.11
2015-01-23 23:00:00	231.3	233.6	230.65	233.12	1139.69	265102.63	232.61
2015-01-24 00:00:00	233.37	233.6	230.8	232.27	667.02	154861.27	232.17
2015-01-24 01:00:00	232.04	232.04	230.4	230.47	167.41	38658.17	230.91
