2015-01-15 00:00:00	181	183.87	179.05	183.87	1575.46	285505.6	181.22
2015-01-15 00:15:00	183.87	199.56	183.01	190.52	6959.88	1317564.39	189.31
2015-01-15 00:30:00	190	190	185.01	186.2	2887.92	542854.68	187.97
2015-01-15 00:45:00	186.2	191	185.42	191	2179.51	410257.36	188.23
2015-01-15 01:00:00	190.29	198.28	190	194.01	3466.73	672687.01	194.04
2015-01-15 01:15:00	193.99	204.9	193.96	202	3789.45	757300.51	199.84
2015-01-15 01:30:00	202	203.88	194.56	197.17	3862.44	768299.52	198.92
2015-01-15 01:45:00	197.2	199.55	194.32	199.4	1955.3	384361.81	196.57
2015-01-15 02:00:00	199.44	199.56	195.63	199.01	833.65	164751.35	197.63
2015-01-15 02:15:00	199.01	215	199	212.09	7043.12	1461870.93	207.56
2015-01-15 02:30:00	214.5	214.9	203.24	204.9	4056.62	848545.77	209.18
2015-01-15 02:45:00	206.1	209.99	203.84	206	2139.34	441875.86	206.55
2015-01-15 03:00:00	206.19	210.98	205.15	210.87	3014.12	626269.6	207.78
2015-01-15 03:15:00	210.88	211	200.2	203.1	3651.39	747024.37	204.59
2015-01-15 03:30:00	203.13	203.79	196.2	197.42	3932.22	782233.16	198.93
2015-01-15 03:45:00	198.39	198.86	190.42	195.49	2345.83	458408.61	195.41
2015-01-15 04:00:00	195.35	197.97	195.21	195.3	603.42	118700.27	196.71
2015-01-15 04:15:00	195.76	197.98	191.1	197.1	1720.61	333731.09	193.96
2015-01-15 04:30:00	197.05	201.93	197.05	198.64	1088.49	216502.75	198.9
2015-01-15 04:45:00	198.64	200.62	197.06	197.69	790.63	157186.59	198.81
2015-01-15 05:00:00	197.71	198.66	194.5	196.45	1026.28	201554.18	196.39
2015-01-15 05:15:00	196.82	197.37	194.56	195.01	719.21	140746.98	195.7
2015-01-15 05:30:00	195.24	195.48	191.64	193.5	946.95	183122.41	193.38
2015-01-15 05:45:00	193.61	197.68	193.25	197	1228.72	241347.1	196.42
2015-01-15 06:00:00	196.74	206	196.31	202.7	2607.87	527982.79	202.46
2015-01-15 06:15:00	202.7	203.69	200.55	201.12	1444.78	291828.37	201.99
2015-01-15 06:30:00	201.77	207.5	201.77	202.67	2736.97	558396.82	204.02
2015-01-15 06:45:00	202.66	202.8	197.57	200.01	1114.17	222042.76	199.29
2015-01-15 07:00:00	200.02	201.28	193.1	196.58	1440.48	284925.81	197.8
2015-01-15 07:15:00	195.81	198	195.16	197.46	1080.93	212622.12	196.7
2015-01-15 07:30:00	197.34	199.38	197.33	198.21	437.18	86744.1	198.42
2015-01-15 07:45:00	198.21	201.45	198.02	200.5	685.46	137216.47	200.18
2015-01-15 08:00:00	200.5	205.99	199.29	201.84	1485.34	300178.31	202.09
2015-01-15 08:15:00	201.89	204.54	201.84	204.5	918.09	186371.28	203
2015-01-15 08:30:00	204.5	204.7	201.66	204.1	1283.88	261348.67	203.56
2015-01-15 08:45:00	204.14	204.14	201.56	201.83	1426.12	290375.35	203.61
2015-01-15 09:00:00	201.83	202.66	199.88	200	554.89	111377.86	200.72
2015-01-15 09:15:00	200	200.36	198.5	200	791.41	157725.74	199.3
2015-01-15 09:30:00	200.04	200.05	199.76	200	199.98	39994.16	199.99
2015-01-15 09:45:00	199.99	208	199.99	208	2537.41	518559.17	204.37
2015-01-15 10:00:00	207.3	212.99	207	208.54	2939.23	617190.83	209.98
2015-01-15 10:15:00	208.58	212.5	208	209.58	3077.72	648878.56	210.83
2015-01-15 10:30:00	209.77	214.99	209.71	214.13	1529.46	325572.4	212.87
2015-01-15 10:45:00	214.18	216.57	211.91	213.02	2473.05	530342	214.45
2015-01-15 11:00:00	213.2	214.51	212.73	213.63	739.37	157858.92	213.5
2015-01-15 11:15:00	213.5	213.5	208.54	209.39	1864.13	393303.35	210.98
2015-01-15 11:30:00	209.39	212.8	208.73	212.39	973.65	205225.67	210.78
2015-01-15 11:45:00	212.44	212.8	210.51	211.94	789.97	167395.49	211.9
2015-01-15 12:00:00	211.78	215.49	211.78	215.2	1060.86	226919.42	213.9
2015-01-15 12:15:00	215.24	219.5	213.98	218.77	2864.84	623130.49	217.51
2015-01-15 12:30:00	218.77	220	216.37	217.27	3136.1	685591.05	218.61
2015-01-15 12:45:00	217.26	219	213.44	217.84	2898.52	626638.72	216.19
2015-01-15 13:00:00	218	218.49	216.04	217.12	650.98	141588.75	217.5
2015-01-15 13:15:00	217.38	222.58	217.2	222.58	2766.46	607017.83	219.42
2015-01-15 13:30:00	222	229	222	227	4666.71	1052242.71	225.48
2015-01-15 13:45:00	227.02	230.74	225	226.5	3641.14	830113.19	227.98
2015-01-15 14:00:00	226.5	227.12	221.11	223.73	2678.22	600018.08	224.04
2015-01-15 14:15:00	223.72	228	217.23	219.91	4437.31	993144.53	223.82
2015-01-15 14:30:00	219.91	221.96	214.87	215.82	3538.16	772530.88	218.34
2015-01-15 14:45:00	215.83	217.62	214.2	214.2	2293.16	494352.6	215.58
2015-01-15 15:00:00	214.08	218.86	213.31	218.8	2118.98	457682.64	215.99
2015-01-15 15:15:00	218.8	218.8	215.05	215.32	727.36	157374.56	216.36
2015-01-15 15:30:00	215.32	221.29	215.3	220.7	1829.49	400839.84	219.1
2015-01-15 15:45:00	220.7	221.45	217.7	220.72	932.92	204524.09	219.23
2015-01-15 16:00:00	221.44	222	213.9	215.8	2256.63	491157.63	217.65
2015-01-15 16:15:00	215.78	216.8	211	213.1	1998.17	426260.07	213.33
2015-01-15 16:30:00	213.35	215	212.09	213.26	837.75	178993.91	213.66
2015-01-15 16:45:00	213.22	218.1	213.22	215.44	747.09	160966.34	215.46
2015-01-15 17:00:00	215.61	217.5	215.55	215.97	283.08	61309.65	216.58
2015-01-15 17:15:00	215.98	215.98	213.24	213.4	482.52	103535.06	214.57
2015-01-15 17:30:00	213.49	215.7	213.21	215.4	341.79	73340.93	214.58
2015-01-15 17:45:00	215.4	220.5	215.4	218.84	1750.72	382535.33	218.5
2015-01-15 18:00:00	218.6	220.5	217.84	218.75	901.32	197710.28	219.36
2015-01-15 18:15:00	218.75	222.75	218.5	221.6	1035.7	228991.07	221.1
2015-01-15 18:30:00	221.61	224.4	218.96	219.45	1698.25	377779.67	222.45
2015-01-15 18:45:00	219.45	220.62	218.5	218.81	417.9	91651.55	219.31
2015-01-15 19:00:00	218.81	220.45	217.65	218.51	838.65	183298.33	218.56
2015-01-15 19:15:00	218.54	220.6	218.54	218.86	447.29	98286.05	219.74
2015-01-15 19:30:00	218.82	218.82	215.2	215.3	1211.68	262757.47	216.85
2015-01-15 19:45:00	215.19	216.41	213.51	214.19	988.98	212377.32	214.74
2015-01-15 20:00:00	213.57	214.19	206	209.23	4671.8	979047.19	209.57
2015-01-15 20:15:00	209.22	211.29	207.2	208.18	1474.52	308576.93	209.27
2015-01-15 20:30:00	208.16	211.66	207.27	208	1156.72	242552.2	209.69
2015-01-15 20:45:00	207.99	208.47	202.5	205.7	3027.27	619907.42	204.77
2015-01-15 21:00:00	205.71	205.88	195	201.73	7220.3	1442084.29	199.73
2015-01-15 21:15:00	201.99	204.5	201.31	203.31	1067.04	216535.27	202.93
2015-01-15 21:30:00	203.5	208.39	202.3	206.99	3168.75	651075.87	205.47
2015-01-15 21:45:00	206.38	207.72	205.73	207.1	817.09	168841.87	206.64
2015-01-15 22:00:00	207.08	210.32	206.25	210.32	1042.79	217675.76	208.74
2015-01-15 22:15:00	210.01	211.87	209.44	211.87	723.94	152471.21	210.61
2015-01-15 22:30:00	211.88	212	207.51	210	1619.38	339534.4	209.67
2015-01-15 22:45:00	209.66	209.98	207.7	209.12	434.76	90550.46	208.28
2015-01-15 23:00:00	209.1	212	208.72	212	615.5	129585.22	210.54
2015-01-15 23:15:00	212	216.5	211.53	213.9	2071.89	444067.57	214.33
2015-01-15 23:30:00	213.99	215	212	214.27	715.71	152649.17	213.28
2015-01-15 23:45:00	214.2	214.2	209.5	209.81	1116.61	235609.67	211
2015-01-16 00:00:00	209.81	211	207.01	210.81	1443.49	301634.75	208.96
2015-01-16 00:15:00	210.97	211.62	210.02	210.7	648.64	136891.33	211.04
2015-01-16 00:30:00	210.08	213.45	210	213.11	733.68	155163.79	211.49
2015-01-16 00:45:00	213.2	214.08	212.1	212.1	924.52	197274.99	213.38
2015-01-16 01:00:00	212.1	214.99	212.09	214.52	831.64	178078.52	214.13
2015-01-16 01:15:00	214.07	214.5	212.89	213.12	193.99	41480.31	213.82
2015-01-16 01:30:00	212.85	213.22	209.17	212.01	928.55	195921.24	211
2015-01-16 01:45:00	212.22	213	210.52	210.81	328.56	69677.85	212.07
2015-01-16 02:00:00	210.8	212.25	210.24	211.96	240.42	50856.78	211.53
2015-01-16 02:15:00	212.01	218.2	211.92	217.4	1646.52	355871.79	216.14
2015-01-16 02:30:00	217.39	219.5	215.2	216.82	2253.51	489416.41	217.18
2015-01-16 02:45:00	215.99	217.8	214.54	215.7	820.11	176916.71	215.72
2015-01-16 03:00:00	215.71	218.4	215.7	217.87	1057.85	229520.96	216.97
2015-01-16 03:15:00	217	218.4	215.46	217.45	330.39	71803.89	217.33
2015-01-16 03:30:00	217.9	219.99	216.62	218	1646.63	359472.28	218.31
2015-01-16 03:45:00	218	222.5	217.68	220.8	1763.8	388268.83	220.13
2015-01-16 04:00:00	221	223.1	217.4	219.72	1745.38	385273.21	220.74
2015-01-16 04:15:00	219.85	220.34	216.56	218.3	772.26	168533.65	218.23
2015-01-16 04:30:00	218.01	222.47	217.64	221.1	703.85	155076.16	220.33
2015-01-16 04:45:00	221.12	221.24	216.99	217.01	886.54	193858.13	218.67
2015-01-16 05:00:00	217.15	218.76	216.9	218.38	445.95	97198.83	217.96
2015-01-16 05:15:00	218.5	219.44	217.55	218.08	160.94	35129.53	218.27
2015-01-16 05:30:00	218	218.01	217	217.23	240.13	52254.74	217.61
2015-01-16 05:45:00	217.16	217.96	216.72	216.72	111.83	24290.44	217.21
2015-01-16 06:00:00	216.74	216.89	213.57	215.3	1203.85	258980.68	215.13
2015-01-16 06:15:00	215.44	215.72	212	212	783.18	166882.97	213.08
2015-01-16 06:30:00	212	214.99	212	213	1726.77	368549.22	213.43
2015-01-16 06:45:00	212.97	217	212	215.89	1071.08	230219.92	214.94
2015-01-16 07:00:00	215.9	220	215.21	218.24	1063.52	232013.77	218.16
2015-01-16 07:15:00	218.64	221	217.31	217.58	846.28	185813.74	219.57
2015-01-16 07:30:00	217.58	217.7	216.18	216.81	296.47	64304.46	216.9
2015-01-16 07:45:00	216.86	218.67	216.69	217.02	438.37	95550.65	217.97
2015-01-16 08:00:00	216.86	216.87	211.51	215.3	1372.18	294418.89	214.56
2015-01-16 08:15:00	215.28	217.06	214.34	216.19	395.9	85294.9	215.44
2015-01-16 08:30:00	216.2	217.22	214.72	214.86	260.96	56534.19	216.64
2015-01-16 08:45:00	215.03	216.32	214.38	216.27	234.01	50332.68	215.09
2015-01-16 09:00:00	216.15	216.73	214.3	215.96	492.69	106198.12	215.55
2015-01-16 09:15:00	215.45	215.95	214.41	215.95	249.47	53654.3	215.07
2015-01-16 09:30:00	215.79	220.17	215.79	220	966.39	211377.51	218.73
2015-01-16 09:45:00	220.01	220.48	216.55	218.7	913.21	199274.55	218.21
2015-01-16 10:00:00	218.62	220.8	217.2	220.8	647.43	141898.69	219.17
2015-01-16 10:15:00	220.81	221.97	219	220.76	811.43	178839.11	220.4
2015-01-16 10:30:00	219.97	221.37	218.6	218.6	432.2	95013.32	219.83
2015-01-16 10:45:00	218.68	220.2	218.5	220.2	453.96	99644.96	219.5
2015-01-16 11:00:00	220.2	222.45	220.2	221.84	550.63	121969.52	221.51
2015-01-16 11:15:00	221.93	222.45	221	221.19	603.77	133758.97	221.54
2015-01-16 11:30:00	221.11	221.11	215.5	217.12	1459.98	319049.54	218.53
2015-01-16 11:45:00	217.12	218.07	212.7	215.69	1795.7	385376.81	214.61
2015-01-16 12:00:00	215.51	215.68	207	207.2	2829.43	594392.05	210.08
2015-01-16 12:15:00	207.23	211.21	207.2	210.41	1568.76	328305.67	209.28
2015-01-16 12:30:00	210.45	213.29	210.17	211.2	1109.08	234530.59	211.46
2015-01-16 12:45:00	210.7	211	209.07	210.6	591.91	124339.63	210.07
2015-01-16 13:00:00	210.6	211.01	202.34	205.52	2380.31	490754.7	206.17
2015-01-16 13:15:00	205.79	209.35	205.78	209.35	578.76	120115.18	207.54
2015-01-16 13:30:00	209.35	211.73	209.35	209.73	559.94	117800.77	210.38
2015-01-16 13:45:00	209.74	209.9	208.09	209.4	324.36	67709.66	208.75
2015-01-16 14:00:00	209.4	211.26	209.4	210.92	267.64	56320.08	210.43
2015-01-16 14:15:00	210.57	210.72	207.41	209	484.75	101132.98	208.63
2015-01-16 14:30:00	209.18	211.7	208.87	209.5	690.26	145116.52	210.23
2015-01-16 14:45:00	209.28	209.34	207.2	207.68	415	86399.49	208.19
2015-01-16 15:00:00	207.7	207.9	204.6	206.07	1169.59	240592.2	205.71
2015-01-16 15:15:00	206.12	207.6	205.46	206.9	415.01	85658.67	206.4
2015-01-16 15:30:00	205.78	209.84	205.78	209.69	793.02	164776.06	207.78
2015-01-16 15:45:00	209.31	209.69	206.36	208.2	719.94	149804.98	208.08
2015-01-16 16:00:00	208.31	208.45	205.2	208.1	615.93	127339.63	206.74
2015-01-16 16:15:00	208.1	208.5	207.52	207.67	155.34	32309.25	207.99
2015-01-16 16:30:00	207.7	207.7	205	206	657.86	135642.86	206.19
2015-01-16 16:45:00	206	206.41	204.93	205.99	351	72246.1	205.83
2015-01-16 17:00:00	205.95	206	205.01	205.44	311.5	64067.21	205.67
2015-01-16 17:15:00	205.52	206	202.02	202.26	1799.1	365217.8	203
2015-01-16 17:30:00	202.02	202.28	200	200	1340.2	269312.58	200.95
2015-01-16 17:45:00	200	205.12	197.72	203.51	4500.8	905573.1	201.2
2015-01-16 18:00:00	203.96	205	203.51	204.89	915.42	186930.13	204.2
2015-01-16 18:15:00	204.83	210	204.02	209.69	1675.48	346973.77	207.09
2015-01-16 18:30:00	209.22	209.8	206.28	209.35	772.32	160644.62	208
2015-01-16 18:45:00	209.77	211.7	207.11	207.35	1087.91	227984.65	209.56
2015-01-16 19:00:00	207.31	208.45	207	207	340.96	70702.21	207.36
2015-01-16 19:15:00	207.08	208.76	207.01	208.76	176	36557.26	207.71
2015-01-16 19:30:00	208.52	210	208.24	208.43	411.44	86186.27	209.47
2015-01-16 19:45:00	208.51	209.75	208.09	209.54	257.47	53802	208.96
2015-01-16 20:00:00	209.39	209.85	207.98	208	459.05	95853.32	208.81
2015-01-16 20:15:00	207.98	209.07	207.72	208.52	248.53	51797.69	208.42
2015-01-16 20:30:00	208.38	208.83	206.23	206.9	615.89	127559.66	207.11
2015-01-16 20:45:00	206.99	208.45	206.09	208.3	376.59	78192.19	207.63
2015-01-16 21:00:00	208.43	209.9	208.21	208.82	278.64	58352.29	209.42
2015-01-16 21:15:00	208.83	209.13	208.6	209	101.17	21129.4	208.85
2015-01-16 21:30:00	208.97	208.97	208.59	208.73	62.54	13060.04	208.82
2015-01-16 21:45:00	208.73	208.9	207.94	208	263.08	54796.12	208.29
2015-01-16 22:00:00	208.66	208.66	207	208	294.6	61169.37	207.63
2015-01-16 22:15:00	207.97	207.99	206.2	206.6	203.65	42139.23	206.92
2015-01-16 22:30:00	206.6	207.2	205.5	205.6	367.26	75702.81	206.13
2015-01-16 22:45:00	205.6	209.9	205.31	209.08	1178.67	245543.3	208.32
2015-01-16 23:00:00	209.08	209.94	203.51	207.49	1432.74	296311.95	206.81
2015-01-16 23:15:00	206.08	207	201.9	206.37	1126.9	230520.19	204.56
2015-01-16 23:30:00	206.38	213.5	204.89	211.79	2147.1	448439.31	208.86
2015-01-16 23:45:00	210.91	212	208.1	208.5	979.96	205443.83	209.65
2015-01-17 00:00:00	208.52	209	208.5	208.55	97.68	20375.17	208.59
2015-01-17 00:15:00	208.67	208.85	207.2	208.05	270.09	56172.22	207.98
2015-01-17 00:30:00	208.18	208.18	205.76	206.96	566.8	117356	207.05
2015-01-17 00:45:00	206.99	207.73	206.54	207.31	121.95	25263.14	207.16
2015-01-17 01:00:00	207.25	208.78	207.25	208.31	202.24	42101.15	208.17
2015-01-17 01:15:00	208.32	210	208.21	209.49	300.69	62859.85	209.05
2015-01-17 01:30:00	209.3	209.64	208.79	209.4	61.93	12956.57	209.2
2015-01-17 01:45:00	209.39	211.5	208.75	209.3	550.36	115540.55	209.94
2015-01-17 02:00:00	209.3	209.31	208.5	208.5	218.77	45666.79	208.75
2015-01-17 02:15:00	208.5	208.81	208.2	208.81	192.04	40012.75	208.36
2015-01-17 02:30:00	208.81	208.87	208.33	208.38	144.18	30065.88	208.53
2015-01-17 02:45:00	208.4	208.5	208.12	208.38	153.15	31904.99	208.33
2015-01-17 03:00:00	208.38	214	208.3	211.91	1469.9	310641.62	211.33
2015-01-17 03:15:00	211.91	212.7	211	211.23	492.95	104346.52	211.68
2015-01-17 03:30:00	211.02	211.58	211	211.58	130.59	27594.54	211.31
2015-01-17 03:45:00	211.34	211.34	209.58	209.9	320.92	67502.49	210.34
2015-01-17 04:00:00	210	210.5	208.8	209.03	211.34	44300.89	209.62
2015-01-17 04:15:00	208.8	209	205.5	206.98	1587.51	328438.43	206.89
2015-01-17 04:30:00	206.74	208.5	205.01	206.25	1072.74	221703.98	206.67
2015-01-17 04:45:00	206.61	207.15	204	204.75	851.79	175056.3	205.52
2015-01-17 05:00:00	204.73	205.9	204.47	204.96	332	68081.99	205.07
2015-01-17 05:15:00	204.95	204.96	201.11	202.8	1418.51	287254.8	202.5
2015-01-17 05:30:00	202.66	202.78	197.9	198.38	2958.99	592038.78	200.08
2015-01-17 05:45:00	198.38	203.21	197.67	201.36	1720.68	344594.51	200.27
2015-01-17 06:00:00	201.2	201.7	199.3	199.99	702.43	140806.69	200.46
2015-01-17 06:15:00	199.9	201	199.9	200.59	280.39	56162.83	200.3
2015-01-17 06:30:00	200.6	200.61	198.1	200.29	803.57	159937.03	199.03
2015-01-17 06:45:00	200.05	201.61	199.61	201	789.51	158446.98	200.69
2015-01-17 07:00:00	201	202.5	200.57	201.41	546.97	110379.01	201.8
2015-01-17 07:15:00	201.56	204.33	201.15	202.38	730.23	148054.93	202.75
2015-01-17 07:30:00	201.98	204.86	200.64	201.01	906.19	183035.19	201.98
2015-01-17 07:45:00	200.86	201.52	200.64	200.67	521.61	104791.32	200.9
2015-01-17 08:00:00	200.7	201.8	197.38	198.39	1256.65	250322.53	199.2
2015-01-17 08:15:00	198.4	200.03	197	197.6	718.18	142384.17	198.26
2015-01-17 08:30:00	197.6	199.71	192.2	196.98	3868.18	755777.45	195.38
2015-01-17 08:45:00	196.67	199.06	196.24	198.7	428.86	84954.06	198.09
2015-01-17 09:00:00	198.72	199.05	195.99	196.82	633.31	124873.16	197.17
2015-01-17 09:15:00	196.54	198.41	194.19	194.7	660.47	129479.14	196.04
2015-01-17 09:30:00	194.5	196.93	194.23	194.67	673.42	131510.16	195.29
2015-01-17 09:45:00	194.89	198.5	194.2	197.78	627.09	123432.19	196.83
2015-01-17 10:00:00	197.67	198.69	196.02	198.69	503.37	99267.21	197.21
2015-01-17 10:15:00	198.7	200.73	198.62	199.48	1100.72	219645.72	199.55
2015-01-17 10:30:00	199.04	200.32	198.25	198.26	422.96	84230.95	199.15
2015-01-17 10:45:00	198.25	199.28	198.06	199	209.45	41649.54	198.86
2015-01-17 11:00:00	199	203	198.92	201.33	722.97	145531.63	201.3
2015-01-17 11:15:00	201.38	201.4	198	198	431.24	85919.89	199.24
2015-01-17 11:30:00	198.01	198.52	196.97	197.43	448.83	88724.77	197.68
2015-01-17 11:45:00	197.3	198.75	197.09	198.68	111.72	22116.83	197.97
2015-01-17 12:00:00	198.68	198.75	197.64	197.64	149.45	29632.36	198.28
2015-01-17 12:15:00	197.51	198.24	197.43	198.05	129.63	25645.62	197.84
2015-01-17 12:30:00	198.03	198.33	198	198.07	103.98	20597.93	198.1
2015-01-17 12:45:00	198.07	201.14	198	200.73	693.49	138179.08	199.25
2015-01-17 13:00:00	200.76	201.14	199.82	200.03	330.78	66299	200.43
2015-01-17 13:15:00	200.01	200.68	199.89	199.89	150.74	30159.01	200.07
2015-01-17 13:30:00	199.96	200.22	198.31	198.31	275.12	54896.49	199.53
2015-01-17 13:45:00	198.33	199.46	198.12	198.7	214.42	42617.72	198.76
2015-01-17 14:00:00	198.74	199.5	198.1	199.05	504.16	100271.36	198.89
2015-01-17 14:15:00	199.09	199.09	195.97	197.37	539.37	106333.89	197.14
2015-01-17 14:30:00	197.25	199.99	196.84	197.87	1163.82	231158.16	198.62
2015-01-17 14:45:00	198.02	198.02	195.41	195.5	356.89	70090.53	196.39
2015-01-17 15:00:00	195.45	196.97	194.3	196.46	487.7	95351.36	195.51
2015-01-17 15:15:00	196.53	197.61	195.5	197.61	367.35	72377.8	197.03
2015-01-17 15:30:00	197.6	200.1	197	198.61	1111.93	221458.83	199.17
2015-01-17 15:45:00	198.92	200.3	198.66	198.66	313.28	62596.92	199.81
2015-01-17 16:00:00	198.72	199.06	198.07	198.23	197.02	39108.45	198.5
2015-01-17 16:15:00	198.47	199.69	198.46	199.44	290.57	57833.99	199.03
2015-01-17 16:30:00	199.43	200.45	199.39	200.4	188.21	37667.6	200.13
2015-01-17 16:45:00	200.41	200.68	199.54	199.72	155.59	31160.15	200.27
2015-01-17 17:00:00	199.7	199.85	197.6	198.62	397.27	78812.57	198.38
2015-01-17 17:15:00	198.34	199.15	198.34	199.15	86.74	17250.98	198.88
2015-01-17 17:30:00	199.06	199.12	198.57	198.7	54.58	10853.05	198.84
2015-01-17 17:45:00	198.51	198.7	197.09	198.08	252.01	49838.78	197.77
2015-01-17 18:00:00	198.07	198.52	196.64	197.3	232.72	46012.36	197.71
2015-01-17 18:15:00	197.25	198.5	196.78	197.51	196.72	38946.37	197.98
2015-01-17 18:30:00	198.16	198.69	197.79	198.5	168.57	33420.01	198.26
2015-01-17 18:45:00	198.22	198.69	196.97	198.09	192.72	38118.87	197.79
2015-01-17 19:00:00	198.15	200.92	197.99	200.73	890.13	177665.85	199.6
2015-01-17 19:15:00	200.73	202.6	200.34	200.72	999.84	201767.85	201.8
2015-01-17 19:30:00	200.58	201.8	200.3	201	244.63	49106.08	200.74
2015-01-17 19:45:00	201	201	199.41	199.41	387.97	77592.39	200
2015-01-17 20:00:00	199.41	199.9	199.02	199.88	133.26	26592.96	199.55
2015-01-17 20:15:00	199.89	199.89	198.23	198.23	173.47	34531.42	199.06
2015-01-17 20:30:00	198.22	199.59	197.33	197.59	284.59	56413.74	198.23
2015-01-17 20:45:00	197.58	198.98	197.26	198.98	244.08	48369.26	198.17
2015-01-17 21:00:00	198.99	199.7	198.54	198.89	417.93	83260.47	199.22
2015-01-17 21:15:00	198.61	199.7	198.61	199.7	148.12	29468.72	198.95
2015-01-17 21:30:00	199.65	199.76	198.78	199.03	111.28	22189.49	199.4
2015-01-17 21:45:00	199.14	199.14	198.5	198.54	90.61	18013.63	198.79
2015-01-17 22:00:00	198.51	199	198.51	198.99	52.06	10350.87	198.83
2015-01-17 22:15:00	198.9	199	198.64	199	45.23	8996.74	198.91
2015-01-17 22:30:00	199	199.6	198.72	199.38	238.73	47630.84	199.51
2015-01-17 22:45:00	199.53	200	199.15	199.46	539.18	107778.78	199.89
2015-01-17 23:00:00	199.45	200.19	199.45	200.04	370.6	74113.7	199.98
2015-01-17 23:15:00	200.18	200.91	200	200.45	176.17	35331.64	200.56
2015-01-17 23:30:00	200.3	200.4	199.05	199.31	129.78	25912.51	199.66
2015-01-17 23:45:00	199.48	201.5	199.48	201.09	381.74	76642.44	200.77
2015-01-18 00:00:00	201.08	201.7	199.75	199.75	421.8	84846.12	201.15
2015-01-18 00:15:00	200.35	200.35	199.76	199.78	80.12	16015.58	199.9
2015-01-18 00:30:00	199.79	201.56	199.78	200.15	270.94	54298.25	200.41
2015-01-18 00:45:00	200.14	200.39	198.5	199.31	213.82	42594.04	199.2
2015-01-18 01:00:00	198.9	199	196.71	197.35	1417.83	280303.05	197.7
2015-01-18 01:15:00	197.23	198.67	197.06	197.54	239.26	47284.52	197.63
2015-01-18 01:30:00	197.51	197.98	196.3	197.37	350.65	69011.35	196.81
2015-01-18 01:45:00	197.25	198.81	196.37	196.4	689.67	136161.07	197.43
2015-01-18 02:00:00	197.08	197.08	195.79	196.61	584.51	114688.15	196.21
2015-01-18 02:15:00	196.61	196.85	194.22	195.31	789.82	154102.08	195.11
2015-01-18 02:30:00	195.29	196.49	194.58	195.83	664.06	129855.48	195.55
2015-01-18 02:45:00	195.59	196.38	195	196.01	482.59	94415.83	195.65
2015-01-18 03:00:00	196.04	197	195.3	196.86	217.81	42763.76	196.34
2015-01-18 03:15:00	196.96	197.8	196.37	196.76	809.39	159677.09	197.28
2015-01-18 03:30:00	197.04	197.63	196.46	196.85	230.25	45361.71	197.01
2015-01-18 03:45:00	196.77	196.77	194.9	195.49	543.05	106068.78	195.32
2015-01-18 04:00:00	195.49	195.73	194.9	195.34	192.47	37550.68	195.09
2015-01-18 04:15:00	195.22	195.79	195.15	195.6	82.24	16076.61	195.47
2015-01-18 04:30:00	195.6	196.47	195.52	196.06	109.11	21388.73	196.03
2015-01-18 04:45:00	195.84	195.99	195.14	195.99	110.08	21523.22	195.53
2015-01-18 05:00:00	195.9	197.73	195.83	197.27	269.64	53171.02	197.19
2015-01-18 05:15:00	197.12	197.75	196.52	197.1	206.1	40655.54	197.26
2015-01-18 05:30:00	197.1	199.34	197.1	198.03	367.39	72802.09	198.16
2015-01-18 05:45:00	198.1	198.1	196.72	196.8	90.5	17880.96	197.57
2015-01-18 06:00:00	196.8	197.7	196.17	196.96	273.29	53784.31	196.81
2015-01-18 06:15:00	197.12	198.49	196.92	197.87	329.47	65054.95	197.45
2015-01-18 06:30:00	197.78	197.91	196.64	196.64	121.74	24011.7	197.24
2015-01-18 06:45:00	197.03	197.03	196	196.01	139.45	27358.09	196.18
2015-01-18 07:00:00	196.01	196.54	196	196.49	101.21	19856.57	196.2
2015-01-18 07:15:00	196.48	197.7	196.48	196.78	180.79	35603.19	196.93
2015-01-18 07:30:00	196.69	196.92	196.35	196.56	52.89	10398.04	196.58
2015-01-18 07:45:00	196.08	196.11	194	194.97	1021.18	198800.06	194.68
2015-01-18 08:00:00	194.97	196.33	194.29	195	275.74	53874.97	195.38
2015-01-18 08:15:00	195.24	197.05	194.82	196.31	189.71	37209.88	196.14
2015-01-18 08:30:00	196.38	208.5	196.36	208.5	4306.96	868937.48	201.75
2015-01-18 08:45:00	208.63	214.2	205.5	208.62	6282.28	1316985.17	209.63
2015-01-18 09:00:00	209.87	215	209.61	212.98	4445.06	945059.74	212.61
2015-01-18 09:15:00	213	214.68	209.1	210.2	2212.46	468825.87	211.9
2015-01-18 09:30:00	210.2	212.04	209.99	210	734.97	155117	211.05
2015-01-18 09:45:00	209.99	213.38	209.98	211.66	832.93	176793.53	212.26
2015-01-18 10:00:00	211.61	211.62	207.73	210.62	1361.98	285776.88	209.83
2015-01-18 10:15:00	210.62	215	210.23	211.52	1582.19	338068.03	213.67
2015-01-18 10:30:00	211.5	211.73	210	210	711	149813.81	210.71
2015-01-18 10:45:00	210.02	212.89	210	211	522.53	110433.29	211.34
2015-01-18 11:00:00	210.99	212.65	210.34	212.65	581.47	122725.38	211.06
2015-01-18 11:15:00	212.64	214.79	211.46	212.38	908.42	193958.5	213.51
2015-01-18 11:30:00	212.32	213	210.26	210.86	344.27	72666.94	211.07
2015-01-18 11:45:00	211.37	212.81	210.97	212.02	214.07	45452.18	212.33
2015-01-18 12:00:00	212.04	213.22	210.75	212.6	568.69	120662.57	212.18
2015-01-18 12:15:00	212.34	213.76	212.26	213.5	312.21	66517.79	213.06
2015-01-18 12:30:00	213.51	222	213.29	218.42	5572.98	1219107.1	218.75
2015-01-18 12:45:00	218.16	221.38	217.79	219.52	839.78	184086.19	219.21
2015-01-18 13:00:00	219.6	221.45	218.2	219.06	490.73	107662.59	219.39
2015-01-18 13:15:00	219.05	219.96	217.8	217.85	388.22	85079.13	219.15
2015-01-18 13:30:00	217.86	217.99	216.35	217.3	504.3	109463.69	217.06
2015-01-18 13:45:00	217.27	218.47	216.67	216.9	302.44	65825.34	217.65
2015-01-18 14:00:00	216.97	216.97	212	213.8	1465.59	313568.07	213.95
2015-01-18 14:15:00	213.8	216.13	212.53	215.48	556.69	118982.67	213.73
2015-01-18 14:30:00	215.47	216	213.3	213.3	441.52	94876.73	214.89
2015-01-18 14:45:00	213.48	214	212.71	213.37	392.49	83676.03	213.2
2015-01-18 15:00:00	213.36	217.75	213.36	216	662.61	142829.54	215.56
2015-01-18 15:15:00	216.07	218.03	215.23	216.52	744.96	161609.42	216.94
2015-01-18 15:30:00	216.01	217.9	215.48	215.79	408.89	88688.37	216.9
2015-01-18 15:45:00	215.8	215.8	208.2	211.87	2090.63	441093.62	210.99
2015-01-18 16:00:00	211.55	211.88	208.11	208.12	605.03	126989	209.89
2015-01-18 16:15:00	208.27	210.89	208	209.53	514.19	107735.64	209.53
2015-01-18 16:30:00	209.74	210.45	207	208.83	1098.63	229189.29	208.61
2015-01-18 16:45:00	208.76	210	208.24	210	448.13	93814.1	209.34
2015-01-18 17:00:00	209.9	211.64	209.36	210.79	311.24	65620.98	210.84
2015-01-18 17:15:00	210.78	211.93	209.79	209.79	327.03	68990.47	210.96
2015-01-18 17:30:00	209.83	210.78	209.5	210.75	227.21	47755.23	210.18
2015-01-18 17:45:00	210.75	211	210.75	210.9	205.8	43391.51	210.84
2015-01-18 18:00:00	210.88	211	210	211	170.91	35988.43	210.58
2015-01-18 18:15:00	211	211.5	210.54	210.61	152.92	32269.14	211.02
2015-01-18 18:30:00	210.5	210.81	208.51	209.18	335.3	70135.55	209.17
2015-01-18 18:45:00	209	210.47	208.52	209	269.55	56415.3	209.29
2015-01-18 19:00:00	209.08	209.1	208.5	209.05	180.46	37678.6	208.79
2015-01-18 19:15:00	209.07	210.74	209	209.73	274.79	57635.88	209.75
2015-01-18 19:30:00	209.73	213.68	209.5	212.3	615.61	130569.94	212.1
2015-01-18 19:45:00	212.3	214	211.72	213.86	334.02	71077.9	212.8
2015-01-18 20:00:00	213.54	215.88	211.1	212	1261.29	269490.84	213.66
2015-01-18 20:15:00	211.98	212	210.29	211.6	275.28	58161.49	211.28
2015-01-18 20:30:00	211.73	213.24	211.67	213.16	482.28	102445.8	212.42
2015-01-18 20:45:00	213.08	213.08	210.31	210.78	273.46	57771.23	211.26
2015-01-18 21:00:00	210.75	210.8	208.71	209.48	262.26	55020.5	209.79
2015-01-18 21:15:00	209.01	209.37	207.6	209.18	981.16	204400.17	208.32
2015-01-18 21:30:00	209.58	210.98	207.91	207.91	738.25	154782.04	209.66
2015-01-18 21:45:00	208.61	209.35	207.62	209.29	504.35	104973.2	208.14
2015-01-18 22:00:00	209.35	211.45	208.71	211.02	394.96	83113.93	210.44
2015-01-18 22:15:00	211.05	211.45	209.11	210.39	320.41	67381.65	210.3
2015-01-18 22:30:00	210.39	210.8	209.88	210.45	188.92	39744.34	210.38
2015-01-18 22:45:00	210.2	210.85	210.2	210.69	55.27	11644.8	210.68
2015-01-18 23:00:00	210.7	212.66	210.65	212.06	520.83	109990.09	211.18
2015-01-18 23:15:00	212.06	212.06	210.47	210.47	188.17	39728.04	211.13
2015-01-18 23:30:00	210.47	211.45	210.24	211.45	42.79	9016.73	210.72
2015-01-18 23:45:00	211.34	211.45	210.74	211.03	109.37	23096.52	211.18
2015-01-19 00:00:00	210.98	213.64	210.98	213.55	791.33	168315.6	212.7
2015-01-19 00:15:00	213.14	213.14	211.92	212.34	188.04	39955.25	212.49
2015-01-19 00:30:00	212.35	213.24	212.19	213.24	61.78	13140.2	212.71
2015-01-19 00:45:00	213.2	218	213.07	217.28	1402.49	302226.87	215.49
2015-01-19 01:00:00	217.9	218	213.45	214.38	904.55	195066.44	215.65
2015-01-19 01:15:00	214.38	214.6	213.44	213.45	95.25	20380.08	213.97
2015-01-19 01:30:00	213.44	214.55	213.44	214.15	215.27	46078.34	214.05
2015-01-19 01:45:00	214.14	214.14	212.1	212.91	478.97	101937.82	212.83
2015-01-19 02:00:00	212.91	215.2	212.91	214.74	391.48	83981.39	214.52
2015-01-19 02:15:00	214.99	217.47	214.86	216.01	298.3	64468.52	216.12
2015-01-19 02:30:00	215.99	217.62	214.84	214.95	567.34	122852.59	216.54
2015-01-19 02:45:00	214.97	215.66	214.21	215.05	199.19	42797.32	214.85
2015-01-19 03:00:00	215.2	215.46	212.82	213.82	475.65	101772.27	213.97
2015-01-19 03:15:00	213.69	214.71	212.9	214.71	396.25	84656.26	213.64
2015-01-19 03:30:00	214.71	215.29	212.93	213	214.68	45968.12	214.13
2015-01-19 03:45:00	212.96	213.67	212.6	212.84	275.64	58699.99	212.96
2015-01-19 04:00:00	212.67	214.76	212.59	214.5	113.02	24127.63	213.48
2015-01-19 04:15:00	214.71	216.07	214.31	214.52	274.93	59163.62	215.2
2015-01-19 04:30:00	215.06	216	214.62	215.48	105.4	22701.14	215.39
2015-01-19 04:45:00	215.45	215.77	214.12	214.14	94.77	20364.84	214.88
2015-01-19 05:00:00	214.33	214.42	214.12	214.12	33.7	7221.98	214.27
2015-01-19 05:15:00	214.14	215.75	214.13	215.36	70.75	15230.85	215.28
2015-01-19 05:30:00	215.37	219.51	215.37	217.29	981.94	213786.6	217.72
2015-01-19 05:45:00	217.02	217.03	215.7	216.46	220.41	47700.39	216.42
2015-01-19 06:00:00	216.42	216.42	213.99	213.99	258.56	55648.15	215.22
2015-01-19 06:15:00	214.54	214.55	208.75	209.97	2057.62	434630.46	211.23
2015-01-19 06:30:00	209	211.79	209	209.2	547.42	115130.71	210.32
2015-01-19 06:45:00	209.09	211.41	209.09	210.05	387.15	81314.63	210.04
2015-01-19 07:00:00	210.11	211.11	209.5	211.11	225.26	47301.73	209.99
2015-01-19 07:15:00	210.56	213.38	210.56	210.99	525.51	111279.41	211.76
2015-01-19 07:30:00	210.99	211	207	208.89	1711.09	356399.47	208.29
2015-01-19 07:45:00	208.89	208.9	207.43	207.96	392.19	81658.34	208.21
2015-01-19 08:00:00	208.03	210.4	208	209.37	359.42	75189.38	209.19
2015-01-19 08:15:00	209.39	209.39	208.43	208.46	127.17	26549.36	208.78
2015-01-19 08:30:00	208.46	209	207.9	207.9	316.39	65837.78	208.09
2015-01-19 08:45:00	208.1	208.5	207.9	208.31	109.86	22862.64	208.1
2015-01-19 09:00:00	208.38	208.94	208.33	208.33	87.26	18200.51	208.57
2015-01-19 09:15:00	208.44	208.53	207.9	208.29	93.47	19459.5	208.18
2015-01-19 09:30:00	208.3	208.73	208.08	208.3	110.76	23085.93	208.43
2015-01-19 09:45:00	208.07	209.34	208	208.6	205.69	42889.8	208.51
2015-01-19 10:00:00	208.64	210.5	208.6	210.27	503.89	105660.11	209.69
2015-01-19 10:15:00	210.27	210.27	208.34	209.69	294.18	61528.98	209.15
2015-01-19 10:30:00	209.68	209.94	208.43	209.13	175.47	36704.95	209.18
2015-01-19 10:45:00	209.41	209.75	209.01	209.5	63.24	13237.62	209.31
2015-01-19 11:00:00	209.5	209.54	209.2	209.27	40.79	8539.82	209.35
2015-01-19 11:15:00	209.21	209.3	208.5	208.78	104.56	21854.07	209.01
2015-01-19 11:30:00	208.79	209.93	208.75	209.77	65.7	13756.96	209.39
2015-01-19 11:45:00	209.82	211.9	209.82	211.7	269.11	56754.95	210.9
2015-01-19 12:00:00	211.9	211.91	210.85	211.2	132.93	28083.22	211.26
2015-01-19 12:15:00	211.11	213.33	211.1	212.37	483.42	102716.11	212.48
2015-01-19 12:30:00	212.39	213	212.39	212.86	63.37	13475.86	212.64
2015-01-19 12:45:00	213	213.5	212.88	212.96	147.9	31541.6	213.27
2015-01-19 13:00:00	212.95	212.95	210.8	210.81	450.68	95380.67	211.64
2015-01-19 13:15:00	210.8	211.04	210.6	210.82	188.25	39688.41	210.83
2015-01-19 13:30:00	210.82	211	210.56	211	94.95	20026.11	210.92
2015-01-19 13:45:00	211	211	210	210.1	305.53	64221.06	210.19
2015-01-19 14:00:00	210.06	210.52	209.51	210.11	338.44	71081.86	210.03
2015-01-19 14:15:00	210.2	211	210.2	210.61	61.92	13050.48	210.78
2015-01-19 14:30:00	210.66	211.59	210.62	211.1	189.19	39956.35	211.2
2015-01-19 14:45:00	211.11	211.12	210.64	211.11	163.67	34525.86	210.95
2015-01-19 15:00:00	211.12	212.98	211.12	212.6	339.82	72104.14	212.18
2015-01-19 15:15:00	212.66	213.08	212.51	212.51	277.83	59155.93	212.92
2015-01-19 15:30:00	212.5	212.61	212	212.03	163.91	34795.7	212.29
2015-01-19 15:45:00	212.26	212.44	211.17	211.19	137.77	29193.3	211.89
2015-01-19 16:00:00	211.29	213	211.22	213	248.56	52722.49	212.11
2015-01-19 16:15:00	213	213.02	212.1	212.18	129.49	27550.76	212.77
2015-01-19 16:30:00	212.2	212.63	212.15	212.15	60.34	12808.73	212.29
2015-01-19 16:45:00	212.14	212.69	211.7	211.97	202.5	42959.83	212.15
2015-01-19 17:00:00	211.97	212.07	211.22	211.47	161.7	34220.97	211.63
2015-01-19 17:15:00	211.51	211.98	211.3	211.31	128.13	27093.98	211.45
2015-01-19 17:30:00	211.3	211.33	211.3	211.33	69.05	14591.25	211.32
2015-01-19 17:45:00	211.33	212.67	211.33	212.4	242.63	51471.85	212.14
2015-01-19 18:00:00	212.39	212.78	212.14	212.71	114.43	24316.65	212.5
2015-01-19 18:15:00	212.76	212.87	212.01	212.09	105.05	22332.66	212.59
2015-01-19 18:30:00	212.3	212.4	211.33	211.53	107.34	22715.44	211.62
2015-01-19 18:45:00	211.55	212.18	211.55	212.03	66.89	14169.87	211.85
2015-01-19 19:00:00	211.86	212	211.6	211.91	45.07	9545.36	211.81
2015-01-19 19:15:00	211.93	212.74	211.51	211.8	170.18	36099.2	212.13
2015-01-19 19:30:00	211.78	212.68	211.78	212.24	38.67	8212.89	212.38
2015-01-19 19:45:00	212.24	212.65	211.5	211.66	150.35	31880.12	212.03
2015-01-19 20:00:00	211.62	212.69	211.45	212.56	133.07	28211.92	212.01
2015-01-19 20:15:00	212.43	212.66	212.05	212.41	102.78	21839.83	212.49
2015-01-19 20:30:00	212.55	214.21	212.34	214	407.18	86872.28	213.35
2015-01-19 20:45:00	213.79	216.46	213.65	213.65	915.07	196857.04	215.13
2015-01-19 21:00:00	213.95	215.29	213.63	214.66	270.5	58009.7	214.45
2015-01-19 21:15:00	214.66	216.17	213.97	215.56	312.29	67240.85	215.31
2015-01-19 21:30:00	215.56	217.85	215.56	217.58	818.76	177498.21	216.79
2015-01-19 21:45:00	217.59	219.95	216.2	216.61	2180.08	476456.16	218.55
2015-01-19 22:00:00	216.9	218.78	216.38	218.78	577.43	125617.11	217.54
2015-01-19 22:15:00	217.79	217.88	215.12	216.25	697.08	150638.71	216.1
2015-01-19 22:30:00	216.15	217.1	216	216.48	186.95	40487.12	216.56
2015-01-19 22:45:00	216.48	217.3	216.26	216.78	93.75	20321.42	216.75
2015-01-19 23:00:00	216.95	218.7	216.8	218.25	322.72	70345.58	217.98
2015-01-19 23:15:00	218.25	218.63	217.51	217.54	477.28	104206.14	218.33
2015-01-19 23:30:00	217.54	217.98	215.36	217.1	493.4	106845.74	216.55
2015-01-19 23:45:00	217.3	218	214.9	216.2	987.11	213545.37	216.33
2015-01-20 00:00:00	216.14	216.14	213	213.75	843.14	180585.18	214.18
2015-01-20 00:15:00	213.77	214.01	211.01	213.24	1523.35	323150.15	212.13
2015-01-20 00:30:00	213.24	219.25	212.66	217	2837.13	614626.86	216.64
2015-01-20 00:45:00	217	217.18	211.11	212.94	1878.2	401235.05	213.63
2015-01-20 01:00:00	213.11	214.2	212.9	213.57	238.4	50929.71	213.63
2015-01-20 01:15:00	213.67	213.93	213.34	213.34	66.22	14149.38	213.68
2015-01-20 01:30:00	213.56	213.57	211.97	212.08	373.62	79367.96	212.43
2015-01-20 01:45:00	212.54	212.56	211.72	211.81	177.97	37764.23	212.19
2015-01-20 02:00:00	212.11	212.77	211.12	212.3	607.24	128510.46	211.63
2015-01-20 02:15:00	212.08	213.49	212.08	212.81	217.53	46311.52	212.89
2015-01-20 02:30:00	212.77	218.7	212.62	216.1	2593.76	561775.73	216.59
2015-01-20 02:45:00	216.08	216.5	211	212.03	2347.06	499897.76	212.99
2015-01-20 03:00:00	212.09	213.53	211.33	213.52	602.87	128038.9	212.38
2015-01-20 03:15:00	213.59	214.2	212.6	212.95	123.17	26299.92	213.53
2015-01-20 03:30:00	213.25	214.33	213.01	213.81	89.12	19049.74	213.75
2015-01-20 03:45:00	213.81	214.08	213.25	213.65	119.97	25615.94	213.52
2015-01-20 04:00:00	213.67	214	213.19	214	163.37	34891.19	213.57
2015-01-20 04:15:00	213.98	214.13	213.68	214	24.87	5321.55	213.96
2015-01-20 04:30:00	213.89	214.43	212.4	212.88	171.5	36559.9	213.17
2015-01-20 04:45:00	212.75	213.58	212.38	213.1	161.47	34395.51	213.02
2015-01-20 05:00:00	212.94	213.3	212.5	212.5	96.85	20612.88	212.84
2015-01-20 05:15:00	212.51	212.72	208	208.44	2586.81	542822.16	209.84
2015-01-20 05:30:00	208.62	210.8	208.06	209.05	1268.63	266000.66	209.68
2015-01-20 05:45:00	209.06	210.69	208.81	209.79	351.13	73680.45	209.84
2015-01-20 06:00:00	210.05	210.75	209.24	210.47	266.23	55905.95	209.99
2015-01-20 06:15:00	210.4	210.5	209.52	209.57	242.52	50963.95	210.15
2015-01-20 06:30:00	209.68	210.39	209.55	209.67	176.05	36969.13	209.99
2015-01-20 06:45:00	209.55	209.75	209.14	209.29	170.77	35752.59	209.36
2015-01-20 07:00:00	209.34	209.34	208.5	208.67	190.15	39690.61	208.74
2015-01-20 07:15:00	208.74	210.07	208.6	210	280.85	58808.6	209.4
2015-01-20 07:30:00	210	210.3	209.14	209.61	254.32	53354.51	209.79
2015-01-20 07:45:00	209.49	209.61	208.96	209.6	331.07	69241.58	209.14
2015-01-20 08:00:00	209.6	210.39	209.58	210	73.58	15437.14	209.8
2015-01-20 08:15:00	209.99	211.33	209.94	210.95	328.89	69165.91	210.3
2015-01-20 08:30:00	210.49	211.33	210.49	210.78	352.33	74369.2	211.08
2015-01-20 08:45:00	210.8	210.98	210	210.01	386.96	81398.18	210.35
2015-01-20 09:00:00	210	210.2	209.56	209.85	89.06	18700.48	209.99
2015-01-20 09:15:00	209.71	210.28	209.5	210.12	180.59	37889.7	209.81
2015-01-20 09:30:00	210.09	210.1	209.7	210	226.92	47645.21	209.97
2015-01-20 09:45:00	209.86	210	209.24	209.29	256.94	53833.41	209.52
2015-01-20 10:00:00	209.77	210.39	209.3	209.98	201.33	42239.72	209.81
2015-01-20 10:15:00	209.82	209.94	209.6	209.7	59.43	12462.2	209.71
2015-01-20 10:30:00	209.7	210.35	209.69	210.3	131.26	27565.89	210.01
2015-01-20 10:45:00	210.11	210.38	209.1	209.4	603.36	126684.68	209.96
2015-01-20 11:00:00	209.39	209.42	209.2	209.23	242.49	50765.87	209.36
2015-01-20 11:15:00	209.23	209.65	209.23	209.6	175.19	36717.08	209.58
2015-01-20 11:30:00	209.51	210.28	209.31	209.64	512.97	107526.77	209.62
2015-01-20 11:45:00	209.7	209.9	209.48	209.65	131.57	27594.03	209.72
2015-01-20 12:00:00	209.9	210.9	209.41	210.6	259.25	54482.34	210.15
2015-01-20 12:15:00	210.59	210.59	210.2	210.48	66.54	14000.71	210.4
2015-01-20 12:30:00	210.47	210.48	209.7	209.71	126.77	26617.86	209.96
2015-01-20 12:45:00	209.89	209.9	209.1	209.1	517.76	108311.38	209.19
2015-01-20 13:00:00	209.1	209.7	209.1	209.13	197.84	41391.54	209.22
2015-01-20 13:15:00	209.17	209.75	209.12	209.39	68.53	14349.51	209.4
2015-01-20 13:30:00	209.25	209.3	203.7	205.86	3895.17	805032.66	206.67
2015-01-20 13:45:00	205.87	206.12	204.2	205.56	828.14	170130.67	205.44
2015-01-20 14:00:00	205.55	207.89	205.51	207.35	577.69	119420.09	206.72
2015-01-20 14:15:00	207.51	207.99	206.8	207.3	239.1	49530.32	207.16
2015-01-20 14:30:00	207.28	210.13	204.66	210.13	1277.01	264651.7	207.24
2015-01-20 14:45:00	210.13	214.41	210.11	211.76	3965.18	842761.93	212.54
2015-01-20 15:00:00	211.72	213.99	211.13	213.7	1096.37	233305.64	212.8
2015-01-20 15:15:00	213.64	213.7	211.14	213.13	707.39	150374.54	212.58
2015-01-20 15:30:00	213.12	213.29	211.77	211.8	587.84	125087.1	212.79
2015-01-20 15:45:00	211.79	213.98	211.28	212	1119.38	238208.8	212.8
2015-01-20 16:00:00	212.21	213.49	212	212.85	635.19	135035.17	212.59
2015-01-20 16:15:00	212.82	212.82	211.7	211.82	426.74	90502.17	212.08
2015-01-20 16:30:00	211.82	213	211.82	212.82	332.65	70715.26	212.58
2015-01-20 16:45:00	212.66	212.9	211.61	212.28	358.57	76116.71	212.28
2015-01-20 17:00:00	212.36	212.6	211.77	212.26	419.38	89053.05	212.34
2015-01-20 17:15:00	212.25	212.78	211.9	212.56	158.3	33622.33	212.39
2015-01-20 17:30:00	212.57	214.88	212.57	214.54	1241.92	265823.76	214.04
2015-01-20 17:45:00	214.54	214.78	212.3	213.53	921.53	196719.67	213.47
2015-01-20 18:00:00	213.27	214.35	212.01	212.56	518.74	110363.83	212.75
2015-01-20 18:15:00	212.21	213.15	212.02	213.15	126.92	26974.93	212.53
2015-01-20 18:30:00	213	213.72	212.35	212.51	108.48	23090.91	212.87
2015-01-20 18:45:00	212.51	213.18	212.33	212.33	202.24	43015.95	212.7
2015-01-20 19:00:00	212.33	213.26	212.33	213.01	96.15	20470.63	212.89
2015-01-20 19:15:00	213.26	213.85	212.74	213.47	147.53	31471.72	213.33
2015-01-20 19:30:00	212.94	214.82	212.79	214.04	599.84	128442.45	214.13
2015-01-20 19:45:00	214.07	214.95	213.51	214.15	499.27	107054.25	214.42
2015-01-20 20:00:00	214.05	214.3	213.9	214.27	233.66	50027.99	214.11
2015-01-20 20:15:00	214.29	214.3	213.31	213.6	92.59	19795.43	213.81
2015-01-20 20:30:00	213.62	214.04	212.95	213.75	178.15	37996.28	213.28
2015-01-20 20:45:00	213.81	214	213.11	213.11	173.82	37131.54	213.63
2015-01-20 21:00:00	213.11	213.17	211.9	212.2	1075.91	228437.37	212.32
2015-01-20 21:15:00	212.2	212.53	212.1	212.13	223.88	47502.84	212.18
2015-01-20 21:30:00	212.11	212.18	210.75	211.5	651.45	137741.2	211.44
2015-01-20 21:45:00	211.69	212.42	211.3	211.7	139.02	29446.14	211.82
2015-01-20 22:00:00	211.7	211.79	210	210.38	823.61	173429.14	210.57
2015-01-20 22:15:00	210.43	211.34	210.43	211.26	129.3	27285.96	211.02
2015-01-20 22:30:00	211.1	211.99	211.1	211.83	116.2	24603.06	211.74
2015-01-20 22:45:00	211.62	212.18	211.6	211.84	50.44	10687.39	211.9
2015-01-20 23:00:00	211.85	212.6	211.84	212.59	82.42	17505.31	212.39
2015-01-20 23:15:00	212.56	212.6	211.5	212.1	361.4	76624.59	212.02
2015-01-20 23:30:00	212.1	212.85	212.1	212.3	86.32	18347.26	212.55
2015-01-20 23:45:00	212.25	212.31	212.1	212.11	100.2	21252.99	212.11
2015-01-21 00:00:00	212.1	212.89	212.1	212.88	241.11	51231.67	212.48
2015-01-21 00:15:00	212.89	213.47	212.66	213.1	252.14	53728.54	213.09
2015-01-21 00:30:00	213.1	213.19	212.34	212.65	55.05	11703.95	212.6
2015-01-21 00:45:00	212.68	212.99	212.66	212.99	57.83	12306.45	212.8
2015-01-21 01:00:00	212.97	212.99	212.2	212.81	167.01	35482.86	212.45
2015-01-21 01:15:00	212.81	213.21	212.8	213.21	53.6	11411.35	212.91
2015-01-21 01:30:00	213.11	213.21	212.2	213.21	109.81	23351.13	212.64
2015-01-21 01:45:00	213.2	213.21	213.1	213.2	48.91	10426.44	213.19
2015-01-21 02:00:00	213.22	216.5	213.2	215.55	2208.45	475028.37	215.1
2015-01-21 02:15:00	215.7	216.5	213.8	214.12	536.48	115572.17	215.43
2015-01-21 02:30:00	214.03	214.09	213.67	213.75	123.02	26311.81	213.88
2015-01-21 02:45:00	213.76	214.37	212.8	213.09	267.69	57169.82	213.57
2015-01-21 03:00:00	213.01	214.07	212.87	213.74	209.51	44693.72	213.33
2015-01-21 03:15:00	213.75	214.5	213.5	214.17	185.94	39806	214.07
2015-01-21 03:30:00	213.91	214.27	213.9	213.95	90.19	19296.16	213.94
2015-01-21 03:45:00	213.95	214.25	213	213	227.58	48632.39	213.69
2015-01-21 04:00:00	213.4	214.22	213.07	214.22	63.63	13597.23	213.69
2015-01-21 04:15:00	214.24	215.97	214.24	214.93	705.6	151851.5	215.21
2015-01-21 04:30:00	214.81	215.29	214.4	214.4	306.58	65867.21	214.85
2015-01-21 04:45:00	214.4	216.4	214.38	215.7	724.77	156274.75	215.62
2015-01-21 05:00:00	215.7	216.5	214.81	214.81	658.29	141940.68	215.62
2015-01-21 05:15:00	214.81	215.59	214.81	215	247.61	53283.28	215.19
2015-01-21 05:30:00	215.31	216.9	215.1	215.13	674.42	145843.8	216.25
2015-01-21 05:45:00	215.12	216.46	215.1	216	195.22	42130.03	215.81
2015-01-21 06:00:00	215.99	217.4	214.5	214.5	1599.98	345656.4	216.04
2015-01-21 06:15:00	215.31	215.31	214.01	214.01	663.89	142476.44	214.61
2015-01-21 06:30:00	214.01	214.01	212.2	212.59	605.28	128943.7	213.03
2015-01-21 06:45:00	212.59	213.95	212.4	212.4	281.15	59891.5	213.02
2015-01-21 07:00:00	213.33	213.9	212.98	213.14	294.85	62942.19	213.48
2015-01-21 07:15:00	213.14	213.14	211.3	211.66	670.21	142117.05	212.05
2015-01-21 07:30:00	211.66	212.84	211	212.24	458.85	97134.79	211.69
2015-01-21 07:45:00	212.24	212.92	212.24	212.5	193.53	41165.32	212.71
2015-01-21 08:00:00	212.5	213.86	212.44	212.8	231.42	49359.45	213.29
2015-01-21 08:15:00	212.86	212.99	212.79	212.79	19.67	4185.12	212.82
2015-01-21 08:30:00	212.61	213	212.47	213	23.21	4937.82	212.74
2015-01-21 08:45:00	213	214.19	212.56	213.31	202.19	43161.74	213.47
2015-01-21 09:00:00	214.04	214.36	213.35	213.63	165.5	35413.75	213.98
2015-01-21 09:15:00	213.82	214.4	213.63	214.01	93.38	19999.61	214.18
2015-01-21 09:30:00	214.02	214.19	213.46	213.77	33.84	7234.59	213.78
2015-01-21 09:45:00	213.77	214.43	213.24	214.43	371.01	79362.71	213.91
2015-01-21 10:00:00	214.3	215.22	214.3	215.1	845.06	181758.56	215.08
2015-01-21 10:15:00	214.98	215.18	214.16	214.57	96.28	20676.62	214.75
2015-01-21 10:30:00	214.4	214.7	213.93	214.33	154.68	33173.49	214.46
2015-01-21 10:45:00	214.29	214.36	214.07	214.07	47.83	10249.5	214.3
2015-01-21 11:00:00	214.07	214.34	213.7	213.9	64.65	13843.08	214.12
2015-01-21 11:15:00	213.9	213.9	212.71	213.6	155.25	33106.43	213.25
2015-01-21 11:30:00	213.62	214	213.19	213.24	70.65	15082.62	213.49
2015-01-21 11:45:00	213.25	213.34	212.6	212.7	125.01	26624.73	212.98
2015-01-21 12:00:00	212.7	213.3	212.65	213.2	141.68	30162.23	212.88
2015-01-21 12:15:00	213.05	214.1	212.01	212.33	612.53	130413.91	212.91
2015-01-21 12:30:00	212.35	213.28	212.25	213.01	143.1	30424.3	212.61
2015-01-21 12:45:00	213.01	213.02	211.47	211.99	385.03	81755.74	212.34
2015-01-21 13:00:00	211.97	212.63	211.6	212.34	101.27	21486.55	212.17
2015-01-21 13:15:00	212.4	214.75	212.4	214.04	295.62	63292.83	214.1
2015-01-21 13:30:00	214.05	214.2	213.71	214	65.98	14118.88	213.99
2015-01-21 13:45:00	214	214.8	213.78	214.5	229.11	49119.44	214.39
2015-01-21 14:00:00	214.52	214.52	213.86	214.24	321.54	68844.55	214.11
2015-01-21 14:15:00	214.24	214.25	213.5	213.5	116.35	24872.09	213.77
2015-01-21 14:30:00	213.5	214.07	213.4	213.72	116.93	24981.11	213.64
2015-01-21 14:45:00	213.73	213.82	212.69	212.7	429.36	91687.17	213.55
2015-01-21 15:00:00	212.7	213.99	212.2	213.9	262.95	55996.57	212.96
2015-01-21 15:15:00	213.9	214.31	212.99	213.62	189.08	40411.47	213.73
2015-01-21 15:30:00	213.65	213.79	213.12	213.17	38.29	8165.99	213.27
2015-01-21 15:45:00	213.18	213.74	213.18	213.5	58.85	12556.03	213.35
2015-01-21 16:00:00	213.54	213.8	213.54	213.8	214.14	45761.82	213.7
2015-01-21 16:15:00	213.82	214.2	213.81	214.04	140.56	30077.92	213.98
2015-01-21 16:30:00	214.04	214.45	213.56	214.45	168.11	35983.21	214.05
2015-01-21 16:45:00	214.44	214.82	213.66	214.44	383.24	82203.17	214.5
2015-01-21 17:00:00	214.44	214.99	214.25	214.25	210.77	45254.11	214.71
2015-01-21 17:15:00	214.28	214.76	214	214.35	222.25	47641.54	214.36
2015-01-21 17:30:00	214.34	215.18	214.28	215	508.37	109221.35	214.85
2015-01-21 17:45:00	214.99	216.19	214.73	215.3	862.81	185877.05	215.43
2015-01-21 18:00:00	215.3	216.95	214.57	214.57	1314.3	283778.16	215.92
2015-01-21 18:15:00	215	215.25	214.34	214.94	272.06	58455.73	214.86
2015-01-21 18:30:00	214.93	216.3	214.32	215.11	500.97	107965.8	215.52
2015-01-21 18:45:00	215.11	215.78	215	215.05	111.34	23973.48	215.32
2015-01-21 19:00:00	215.05	216.5	215.05	215.78	290.59	62752.73	215.95
2015-01-21 19:15:00	215.64	216.49	215.42	215.69	382.37	82479.5	215.7
2015-01-21 19:30:00	215.54	216.5	215.5	216.15	184.07	39755.73	215.98
2015-01-21 19:45:00	216.27	216.5	215.63	216.5	249.29	53842.09	215.98
2015-01-21 20:00:00	216.43	221.5	216.35	219.76	4130.44	905471.64	219.22
2015-01-21 20:15:00	219.8	221.97	217.3	218.47	2722.08	596480.07	219.13
2015-01-21 20:30:00	218.48	220.53	218	219.41	943.98	206693.45	218.96
2015-01-21 20:45:00	219.4	220.74	218.75	219.48	532.2	116946.47	219.74
2015-01-21 21:00:00	219.47	220.99	219.05	219.05	702.6	154702.35	220.19
2015-01-21 21:15:00	219.68	226.8	219.66	226.64	5107.62	1141131.65	223.42
2015-01-21 21:30:00	226.69	230	223.89	226.11	6015.6	1364712.42	226.86
2015-01-21 21:45:00	226.7	227.96	225.62	227.3	2333.88	528650.75	226.51
2015-01-21 22:00:00	227.07	227.55	223.3	226	2212.43	497841.53	225.02
2015-01-21 22:15:00	225.98	226.7	225.37	226.62	1258.14	284464.72	226.1
2015-01-21 22:30:00	226.35	229.99	226.01	227.54	2184.82	499441.52	228.6
2015-01-21 22:45:00	227.54	229	227	228.21	808.2	184532.88	228.33
2015-01-21 23:00:00	228.53	228.84	225.4	226.84	1161.01	262935.93	226.47
2015-01-21 23:15:00	226.84	228.99	226.28	228.59	736.49	167802.45	227.84
2015-01-21 23:30:00	228.55	229	227.11	228.85	774.91	176802.31	228.16
2015-01-21 23:45:00	228.81	228.82	227.1	228.08	769.76	175359.79	227.81
2015-01-22 00:00:00	228.05	230	227.54	227.8	1133.1	259259.58	228.81
2015-01-22 00:15:00	227.8	228.49	225.29	227.38	1481.76	336304.75	226.96
2015-01-22 00:30:00	227.72	227.76	227.12	227.41	171.63	39033.97	227.43
2015-01-22 00:45:00	227.41	227.8	227.01	227.38	185.01	42095.47	227.53
2015-01-22 01:00:00	227.46	227.8	226.65	227.51	399.11	90669.85	227.18
2015-01-22 01:15:00	227.49	229	227.13	228.92	324.54	74123.47	228.4
2015-01-22 01:30:00	228.82	229.94	228.64	229.84	195.28	44724.95	229.03
2015-01-22 01:45:00	229.75	236.99	229.75	233.72	6486.73	1515464.01	233.63
2015-01-22 02:00:00	233.73	242	233.47	239.03	4437.84	1056307.16	238.02
2015-01-22 02:15:00	239.07	240.66	234.87	238.24	3474.43	826393.69	237.85
2015-01-22 02:30:00	238.24	238.51	234	235.02	1710.54	403450.69	235.86
2015-01-22 02:45:00	235.01	236.5	234.53	236.1	737.74	173764.42	235.54
2015-01-22 03:00:00	236.1	236.73	235.33	235.33	610.48	144178.17	236.17
2015-01-22 03:15:00	235.32	235.34	230.1	231.5	2737.51	635278.29	232.06
2015-01-22 03:30:00	231.07	234.89	231.07	232.57	1648.78	384390.06	233.14
2015-01-22 03:45:00	232.62	232.98	232.02	232.07	652.91	151802.64	232.5
2015-01-22 04:00:00	232.03	233.86	231.42	233.02	623.36	144572.3	231.92
2015-01-22 04:15:00	233.02	233.43	232	233.02	353.67	82292.93	232.68
2015-01-22 04:30:00	233.22	234.39	233.08	233.58	272.52	63685.26	233.69
2015-01-22 04:45:00	233.58	234.8	233.57	234.79	848.14	199010.15	234.64
2015-01-22 05:00:00	234.73	236.23	234.55	235.13	601.71	141419.51	235.03
2015-01-22 05:15:00	235.13	236.2	234.55	235.4	408.93	96207.29	235.27
2015-01-22 05:30:00	235.4	235.44	234.3	234.3	230.51	54120.95	234.78
2015-01-22 05:45:00	234.53	235	234.06	234.39	633.61	148508.04	234.38
2015-01-22 06:00:00	234.2	234.88	234.2	234.3	224.09	52528.51	234.4
2015-01-22 06:15:00	234.3	235	234.03	234.62	306.45	71843.17	234.44
2015-01-22 06:30:00	234.64	234.77	231	231.81	1253.06	291135.96	232.34
2015-01-22 06:45:00	231.94	232.99	231.81	232.51	283.34	65893.89	232.56
2015-01-22 07:00:00	232.6	232.68	230.99	231.03	302.81	70119.63	231.57
2015-01-22 07:15:00	231.02	231.45	229.77	230.69	800.5	184396.99	230.35
2015-01-22 07:30:00	230.68	230.9	229.79	230.11	322.72	74318.62	230.29
2015-01-22 07:45:00	229.79	232	229.77	231.51	313.79	72424.7	230.81
2015-01-22 08:00:00	231.79	232.41	230.75	230.83	240.55	55716.35	231.62
2015-01-22 08:15:00	231.05	233.67	231.05	233.01	582.04	135713.91	233.17
2015-01-22 08:30:00	233.01	233.3	231.41	231.6	214.64	49862.71	232.3
2015-01-22 08:45:00	231.6	232.98	231.6	232.12	128.73	29884.39	232.14
2015-01-22 09:00:00	232.08	232.32	231.45	231.99	252.15	58425.8	231.71
2015-01-22 09:15:00	232	232.23	232	232.15	135.88	31539.5	232.11
2015-01-22 09:30:00	232.15	232.42	232.15	232.15	57.09	13256.68	232.19
2015-01-22 09:45:00	232.15	232.35	231.44	232.1	129.14	29958.24	231.98
2015-01-22 10:00:00	232.04	233.13	231.42	232.66	399.94	92982	232.49
2015-01-22 10:15:00	232.66	236.34	232.35	235.22	589.94	138407.79	234.61
2015-01-22 10:30:00	235.22	235.23	233.89	233.91	341.96	80144.27	234.37
2015-01-22 10:45:00	233.91	234.56	233.9	234.02	291.64	68257.64	234.04
2015-01-22 11:00:00	234.02	235.23	234.02	234.41	131.02	30737.67	234.6
2015-01-22 11:15:00	234.5	234.78	233.89	234	132.45	31021.17	234.21
2015-01-22 11:30:00	233.9	234	232.42	232.71	311.26	72576.72	233.17
2015-01-22 11:45:00	232.84	232.91	232	232.54	431.16	100161.24	232.31
2015-01-22 12:00:00	232.55	234.21	232.55	234.21	197.61	46124.26	233.41
2015-01-22 12:15:00	234.26	235.62	233.58	233.99	338.66	79431.73	234.55
2015-01-22 12:30:00	233.61	234	233.4	233.45	92.77	21673.73	233.63
2015-01-22 12:45:00	233.42	234.51	233.37	234.09	167.86	39251.04	233.83
2015-01-22 13:00:00	233.71	234.09	233.3	233.5	162.03	37859.88	233.66
2015-01-22 13:15:00	233.45	234.3	233.39	234.1	101.67	23793.16	234.02
2015-01-22 13:30:00	234.02	234.71	234.02	234.71	162.03	37977.15	234.39
2015-01-22 13:45:00	234.7	239.9	234.7	237.69	1620.07	384799.25	237.52
2015-01-22 14:00:00	237.7	238.59	233.65	234.48	1435.64	338540.08	235.81
2015-01-22 14:15:00	234.2	237.37	233.25	235.2	1386.14	325334.31	234.7
2015-01-22 14:30:00	235.2	235.2	231.94	232.6	1134.69	264158.63	232.8
2015-01-22 14:45:00	232.68	233.86	232.68	233.83	282.21	65783.15	233.1
2015-01-22 15:00:00	233.69	233.9	231.8	233.07	657.82	153015.04	232.61
2015-01-22 15:15:00	233.44	233.5	232.31	232.65	204.04	47471.64	232.66
2015-01-22 15:30:00	232.7	234.1	232.7	234.1	484.22	113091.12	233.55
2015-01-22 15:45:00	233.73	234.48	233	233.4	143.65	33578.67	233.75
2015-01-22 16:00:00	233.4	234	233.4	233.84	208.5	48735.27	233.74
2015-01-22 16:15:00	233.85	235.76	233.72	235.45	634.31	148865.09	234.69
2015-01-22 16:30:00	235.01	235.21	234	234.06	220.85	51756.7	234.35
2015-01-22 16:45:00	234.2	235.4	234.1	235.4	227.73	53502.16	234.94
2015-01-22 17:00:00	235.4	235.96	235.02	235.2	217.64	51284.17	235.63
2015-01-22 17:15:00	235.28	235.39	234.11	234.73	235.06	55181.79	234.76
2015-01-22 17:30:00	234.56	235.9	234.55	235.04	114.4	26928.86	235.39
2015-01-22 17:45:00	234.91	236.4	234.91	235.9	394.22	93004.57	235.92
2015-01-22 18:00:00	235.87	236.24	235.2	235.53	180.31	42450.73	235.43
2015-01-22 18:15:00	235.81	235.9	235.4	235.4	135.03	31822.38	235.67
2015-01-22 18:30:00	235.82	235.82	235.01	235.06	143.1	33676.49	235.34
2015-01-22 18:45:00	235.01	235.04	233.28	233.91	595.28	139524.07	234.38
2015-01-22 19:00:00	233.84	235.1	233.76	234.98	389.05	91193.28	234.4
2015-01-22 19:15:00	235.01	235.1	234.29	234.72	115.67	27168.79	234.88
2015-01-22 19:30:00	234.41	234.9	233.61	234.21	121.23	28413.69	234.39
2015-01-22 19:45:00	234.21	234.7	233.78	234.1	43.66	10231.49	234.34
2015-01-22 20:00:00	234.1	234.1	232.1	232.72	628.59	146581.53	233.19
2015-01-22 20:15:00	233.55	233.78	232.13	233.78	299.22	69812.4	233.31
2015-01-22 20:30:00	233.78	233.78	230.33	231.81	1073.68	248349.88	231.31
2015-01-22 20:45:00	231.32	232.97	231.31	232.15	158.8	36911.35	232.44
2015-01-22 21:00:00	232.14	232.9	231.61	232.34	198.74	46170.54	232.31
2015-01-22 21:15:00	232.81	232.82	229.78	229.99	714.3	164935.39	230.91
2015-01-22 21:30:00	229.98	232.5	229.78	231.78	960.26	222095.53	231.29
2015-01-22 21:45:00	231.77	232.9	231.53	232	107.7	25008.66	232.21
2015-01-22 22:00:00	231.94	232.51	231.82	232	304.71	70715.11	232.08
2015-01-22 22:15:00	232.16	233.69	232.13	232.23	214.98	50029.02	232.71
2015-01-22 22:30:00	232.28	233.88	231.35	232.76	480.82	111870.88	232.67
2015-01-22 22:45:00	232.73	232.76	231.83	232.71	34.98	8121.69	232.2
2015-01-22 23:00:00	232.71	233.48	232.47	233.48	109.46	25509.3	233.05
2015-01-22 23:15:00	233.49	233.51	233.13	233.15	127.21	29686.33	233.36
2015-01-22 23:30:00	233.29	233.88	233.29	233.86	536.39	125216.75	233.44
2015-01-22 23:45:00	233.88	234.99	233.51	234.7	309.81	72570.92	234.24
2015-01-23 00:00:00	234.7	234.72	233.73	233.73	118.15	27683.34	234.31
2015-01-23 00:15:00	233.71	234	233.04	233.04	152.53	35616.04	233.5
2015-01-23 00:30:00	233.07	233.11	232.57	233.11	138.68	32301.27	232.93
2015-01-23 00:45:00	233.1	235.48	231.56	232.55	1725.69	403103.52	233.59
2015-01-23 01:00:00	232.6	232.76	231.68	232.1	166.12	38588.67	232.29
2015-01-23 01:15:00	231.7	232.08	227.23	227.64	1460.6	335124.23	229.44
2015-01-23 01:30:00	227.64	228.59	225.2	227.55	2909.1	660021.48	226.88
2015-01-23 01:45:00	227.55	227.9	225.27	227.1	991.58	224690.05	226.6
2015-01-23 02:00:00	226.63	228.23	226.59	228.23	769.52	175131.17	227.59
2015-01-23 02:15:00	228.23	228.25	227.09	227.7	194.42	44288.65	227.8
2015-01-23 02:30:00	227.82	228.46	226.38	226.98	460.91	104944.64	227.69
2015-01-23 02:45:00	226.91	227.1	225.13	225.13	554.05	125320.7	226.19
2015-01-23 03:00:00	225.13	226.9	225.13	226.53	512.48	115795.04	225.95
2015-01-23 03:15:00	226.55	227.48	226.55	227.26	212.54	48274.68	227.13
2015-01-23 03:30:00	227.24	228.78	226.16	227.46	812.02	184836.47	227.62
2015-01-23 03:45:00	226.83	227.65	226.2	227.4	100.13	22709.05	226.79
2015-01-23 04:00:00	227.43	227.72	227.21	227.48	322.16	73254.6	227.39
2015-01-23 04:15:00	227.64	227.66	226.73	227.25	46.93	10659.79	227.13
2015-01-23 04:30:00	227.34	227.38	225.92	225.97	251.51	56982.89	226.57
2015-01-23 04:45:00	226.39	227.99	225.89	227.99	387.1	87893.34	227.06
2015-01-23 05:00:00	227.77	227.77	227.03	227.31	114.79	26102.94	227.39
2015-01-23 05:15:00	227.3	227.44	227	227.02	59.09	13425.2	227.19
2015-01-23 05:30:00	227.01	227.34	227	227.04	51.71	11739.49	227.04
2015-01-23 05:45:00	227.16	227.7	227	227.64	164.81	37483.63	227.44
2015-01-23 06:00:00	227.62	229.22	227.38	229.22	430.55	98242.22	228.18
2015-01-23 06:15:00	229.22	229.25	227.78	228.52	457.83	104547.55	228.36
2015-01-23 06:30:00	228.64	229.99	228.61	229.02	628.04	144067.73	229.39
2015-01-23 06:45:00	229.03	229.97	228.7	229.34	270.42	61976.71	229.18
2015-01-23 07:00:00	229.88	232.46	229.85	230.03	749.73	173136.82	230.93
2015-01-23 07:15:00	230.14	230.29	227.21	229.1	474.77	108566.8	228.67
2015-01-23 07:30:00	229.05	229.57	228.88	229.11	55.42	12702.04	229.2
2015-01-23 07:45:00	228.98	229	227.93	228.39	151.12	34523.52	228.46
2015-01-23 08:00:00	228.39	228.39	226.2	226.2	489.92	111306.62	227.19
2015-01-23 08:15:00	226.2	228.33	226.2	227.21	323.68	73617.33	227.44
2015-01-23 08:30:00	227.36	228.39	226.65	226.83	282.41	64233.53	227.45
2015-01-23 08:45:00	226.7	226.99	225.52	225.88	443.72	100306.3	226.06
2015-01-23 09:00:00	225.93	227.01	225.82	226.9	462.39	104753.67	226.55
2015-01-23 09:15:00	226.9	228.39	226.5	227.23	225	51166.83	227.4
2015-01-23 09:30:00	227.62	227.62	227	227.02	29.43	6688.42	227.24
2015-01-23 09:45:00	227.01	227.1	226.91	226.93	115.73	26265.91	226.97
2015-01-23 10:00:00	226.93	226.98	226.69	226.85	163.67	37135.78	226.89
2015-01-23 10:15:00	226.85	227.3	226.61	227.17	247.34	56152.07	227.02
2015-01-23 10:30:00	227.1	227.78	226.87	227.55	221.2	50302.68	227.41
2015-01-23 10:45:00	227.69	227.69	226.56	226.56	366.21	83090.99	226.9
2015-01-23 11:00:00	226.57	227.2	226.5	226.98	188.37	42719.59	226.79
2015-01-23 11:15:00	226.99	227.41	226.94	227.23	229.48	52140.62	227.21
2015-01-23 11:30:00	227.26	227.26	226.22	226.5	178.33	40416.22	226.64
2015-01-23 11:45:00	226.5	226.68	226.22	226.63	223.96	50717.62	226.46
2015-01-23 12:00:00	226.51	227.2	226.12	227.15	279.59	63345.2	226.57
2015-01-23 12:15:00	227.15	228.09	226.9	227.04	236.04	53657.26	227.33
2015-01-23 12:30:00	227.11	228.57	227.02	228.14	329.75	75117.43	227.8
2015-01-23 12:45:00	228.14	228.4	228.05	228.3	75.88	17314.54	228.17
2015-01-23 13:00:00	228.12	230.89	228.1	230.01	881.46	202410.28	229.63
2015-01-23 13:15:00	230.01	233	230	232.63	665.76	154036.66	231.37
2015-01-23 13:30:00	232.93	233.5	231.21	231.8	708.77	164685.57	232.35
2015-01-23 13:45:00	231.79	233.75	230.79	230.79	1502.94	349398.7	232.48
2015-01-23 14:00:00	230.98	232.91	230.46	232.5	534.19	123704.49	231.57
2015-01-23 14:15:00	232.5	232.93	231.95	232.6	229.12	53247.63	232.4
2015-01-23 14:30:00	232.6	232.62	231.16	231.3	415.08	96242.34	231.86
2015-01-23 14:45:00	231.38	232.31	230.5	231.37	375.26	86828.73	231.38
2015-01-23 15:00:00	232.17	233.9	231.1	231.99	1533.03	356880.25	232.79
2015-01-23 15:15:00	232	233.75	231.83	232.8	399.75	93083.98	232.86
2015-01-23 15:30:00	232.79	232.94	231.62	232.32	228.67	53098.16	232.21
2015-01-23 15:45:00	232.3	232.9	231.82	231.82	83.95	19507.24	232.37
2015-01-23 16:00:00	231.81	233.03	231.6	232.19	177.74	41248.69	232.07
2015-01-23 16:15:00	232.21	232.8	232.14	232.4	124.72	28991.91	232.46
2015-01-23 16:30:00	232.42	233.2	230.88	231.82	600.89	139364.2	231.93
2015-01-23 16:45:00	231.88	233	231.79	232.42	341.15	79298.99	232.44
2015-01-23 17:00:00	232.42	233.68	232.4	232.72	539.53	125721.93	233.02
2015-01-23 17:15:00	232.65	233.8	232.31	233.14	409.9	95631.56	233.3
2015-01-23 17:30:00	233.13	233.9	233	233.2	209.15	48793.7	233.3
2015-01-23 17:45:00	233.22	233.5	232.51	233.05	241.13	56190.2	233.03
2015-01-23 18:00:00	233.06	233.35	232.52	233.35	247.59	57671.98	232.94
2015-01-23 18:15:00	233.01	233.52	232.4	232.51	133.2	31030.58	232.96
2015-01-23 18:30:00	232.77	233	232.04	232.24	275	63861.88	232.22
2015-01-23 18:45:00	232.29	232.73	232.12	232.59	74.58	17341.66	232.53
2015-01-23 19:00:00	232.6	232.9	232.44	232.89	155.69	36222.43	232.65
2015-01-23 19:15:00	232.89	233.77	232.89	233.18	202.08	47146.4	233.31
2015-01-23 19:30:00	233.21	233.66	232.88	233.1	289.55	67483.34	233.06
2015-01-23 19:45:00	233.11	233.46	232.64	233.01	162.28	37814.78	233.02
2015-01-23 20:00:00	233.01	234	233.01	234	333.26	77847.66	233.6
2015-01-23 20:15:00	233.99	235.7	233.97	234.76	957.56	224962.95	234.93
2015-01-23 20:30:00	234.75	236.98	234.6	235.61	869.38	205155.14	235.98
2015-01-23 20:45:00	235.62	235.69	234.5	234.52	633.14	148882.37	235.15
2015-01-23 21:00:00	234.52	235.52	234	234.64	667.3	156587.4	234.66
2015-01-23 21:15:00	234.63	235.38	234.05	234.17	352.27	82699.66	234.76
2015-01-23 21:30:00	234.45	235	234.25	234.85	244.39	57320.35	234.54
2015-01-23 21:45:00	234.95	235.5	233.51	234.81	360.64	84676.89	234.79
2015-01-23 22:00:00	234.84	235.5	234.51	234.82	227.64	53529.72	235.16
2015-01-23 22:15:00	234.53	235.47	234.53	234.91	168.39	39589.72	235.11
2015-01-23 22:30:00	234.91	235.8	234.82	234.95	243.54	57279.66	235.19
2015-01-23 22:45:00	234.78	234.89	230.5	231.01	1207.16	280100.19	232.03
2015-01-23 23:00:00	231.3	232.32	230.65	231.92	425.24	98532.33	231.71
2015-01-23 23:15:00	231.86	233.53	231.86	233	307.04	71534.9	232.99
2015-01-23 23:30:00	232.9	233.44	232.2	232.2	189.65	44187.8	233
2015-01-23 23:45:00	233.06	233.6	233	233.12	217.77	50847.59	233.49
2015-01-24 00:00:00	233.37	233.6	232.98	233.33	108.81	25385.38	233.31
2015-01-24 00:15:00	233.33	233.57	232.47	232.8	159.56	37160.38	232.9
2015-01-24 00:30:00	232.91	232.91	230.8	231.75	317.7	73527.34	231.44
2015-01-24 00:45:00	231.72	232.48	231.51	232.27	80.96	18788.18	232.08
2015-01-24 01:00:00	232.04	232.04	231	231.43	64.59	14945.43	231.39